world_index,world_timestamp,img_to_surf_trans,surf_to_img_trans,num_detected_markers,dist_img_to_surf_trans,surf_to_dist_img_trans,num_definition_markers
52,425354.383113,"[[ 1.02191099e-03 -1.20454198e-03  4.68183516e-01]
 [-1.58202180e-03 -2.31995069e-03  6.41727351e-01]
 [-4.63770884e-04 -5.76406986e-04  1.15426324e+00]]","[[ 5.39692384e+02 -2.62018438e+02 -7.32334501e+01]
 [-3.57416759e+02 -3.26603190e+02  3.26551882e+02]
 [ 3.83587516e-02 -2.68372821e-01  1.00000000e+00]]",1,"[[ 2.08007177e-03 -1.22711164e-03  2.16806106e-01]
 [-3.84458901e-03 -3.30514669e-03  1.51807832e+00]
 [-2.14941239e-04 -2.58141985e-04  1.11012888e+00]]","[[ 2.82700670e+02 -1.12681887e+02  9.88792386e+01]
 [-3.40015500e+02 -2.03209944e+02  3.44289799e+02]
 [-2.43289263e-02 -6.90703613e-02  1.00000000e+00]]",8
53,425354.435288,"[[ 1.12000513e-03 -1.15515670e-03  3.73406376e-01]
 [-1.46862311e-03 -2.47614976e-03  7.55943419e-01]
 [-4.52725512e-04 -3.66190244e-04  1.10908686e+00]]","[[ 5.52474706e+02 -2.56036923e+02 -1.14942759e+01]
 [-2.87842526e+02 -3.15727022e+02  3.12107204e+02]
 [ 1.30480555e-01 -2.08757863e-01  1.00000000e+00]]",4,"[[ 1.99407723e-03 -1.05943722e-03  9.47273896e-02]
 [-2.98217791e-03 -3.96949367e-03  1.69498816e+00]
 [-5.55193712e-05 -1.78096996e-04  1.06601316e+00]]","[[ 3.54825563e+02 -1.00452612e+02  1.28191934e+02]
 [-2.78551879e+02 -1.92414413e+02  3.30696334e+02]
 [-2.80574029e-02 -3.73780515e-02  1.00000000e+00]]",8
54,425354.491129,"[[ 1.17999560e-03 -1.10913214e-03  3.06448573e-01]
 [-1.43583575e-03 -2.59320140e-03  8.23210847e-01]
 [-4.60097833e-04 -4.08703162e-04  1.13569096e+00]]","[[ 5.60693762e+02 -2.43822756e+02  2.54415466e+01]
 [-2.69083017e+02 -3.18346556e+02  3.03362849e+02]
 [ 1.30316178e-01 -2.13342868e-01  1.00000000e+00]]",4,"[[ 1.97873156e-03 -9.83101467e-04  2.54905190e-02]
 [-2.75514416e-03 -4.01416730e-03  1.69957991e+00]
 [-8.41559378e-05 -2.01681439e-04  1.07739937e+00]]","[[ 3.73850676e+02 -9.89576497e+01  1.47259030e+02]
 [-2.65253597e+02 -2.00349260e+02  3.22323402e+02]
 [-2.04520010e-02 -4.52335524e-02  1.00000000e+00]]",8
55,425354.540788,"[[ 1.20017826e-03 -1.09019643e-03  2.84708995e-01]
 [-1.41702807e-03 -2.63692071e-03  8.41643106e-01]
 [-4.60478252e-04 -4.23624737e-04  1.14345727e+00]]","[[ 5.64518748e+02 -2.39081865e+02  3.54171851e+01]
 [-2.61752393e+02 -3.19231025e+02  3.00144011e+02]
 [ 1.30362385e-01 -2.14547727e-01  1.00000000e+00]]",4,"[[ 1.97947116e-03 -9.53957319e-04  2.47879676e-03]
 [-2.67888292e-03 -4.03878524e-03  1.69860765e+00]
 [-8.98405620e-05 -2.09367930e-04  1.08057058e+00]]","[[ 3.79950992e+02 -9.76568538e+01  1.52640523e+02]
 [-2.59911517e+02 -2.02762149e+02  3.19329077e+02]
 [-1.87698297e-02 -4.74059160e-02  1.00000000e+00]]",8
56,425354.59431899997,"[[ 1.22833584e-03 -1.06146712e-03  2.54621225e-01]
 [-1.37311840e-03 -2.68743254e-03  8.48456736e-01]
 [-4.57626672e-04 -4.36978522e-04  1.14861384e+00]]","[[ 5.70770964e+02 -2.32831970e+02  4.54612767e+01]
 [-2.49844268e+02 -3.20978503e+02  2.92484745e+02]
 [ 1.32353826e-01 -2.14877117e-01  1.00000000e+00]]",4,"[[ 1.98940709e-03 -9.10366439e-04 -3.03360708e-02]
 [-2.56965835e-03 -4.07877134e-03  1.68263881e+00]
 [-9.48201307e-05 -2.15636885e-04  1.08245953e+00]]","[[ 3.87640602e+02 -9.48926696e+01  1.58370430e+02]
 [-2.50821367e+02 -2.05724567e+02  3.12761075e+02]
 [-1.60100265e-02 -4.92947208e-02  1.00000000e+00]]",8
57,425354.657046,"[[ 1.25939495e-03 -1.04378262e-03  2.19826510e-01]
 [-1.33165519e-03 -2.73527624e-03  8.43723107e-01]
 [-4.52602952e-04 -4.57324491e-04  1.15435439e+00]]","[[ 5.73271002e+02 -2.28421871e+02  5.77852409e+01]
 [-2.38963765e+02 -3.21274460e+02  2.80327479e+02]
 [ 1.30098839e-01 -2.16840767e-01  1.00000000e+00]]",4,"[[ 1.99186259e-03 -8.75654514e-04 -6.52510213e-02]
 [-2.47123116e-03 -4.13180302e-03  1.65901689e+00]
 [-1.03875371e-04 -2.22239506e-04  1.08442134e+00]]","[[ 3.95607518e+02 -9.27541296e+01  1.65705391e+02]
 [-2.41248994e+02 -2.07163279e+02  3.02415328e+02]
 [-1.15464157e-02 -5.13405004e-02  1.00000000e+00]]",8
58,425354.712645,"[[ 1.26828667e-03 -1.02963289e-03  2.02378015e-01]
 [-1.31431047e-03 -2.75054043e-03  8.32191524e-01]
 [-4.52475536e-04 -4.65961936e-04  1.15522909e+00]]","[[ 5.76185398e+02 -2.26192121e+02  6.20032075e+01]
 [-2.35821313e+02 -3.21524004e+02  2.72928204e+02]
 [ 1.30559421e-01 -2.18280817e-01  1.00000000e+00]]",4,"[[ 1.98869151e-03 -8.53725415e-04 -8.20497737e-02]
 [-2.43929466e-03 -4.16129284e-03  1.64364599e+00]
 [-1.10800403e-04 -2.23979265e-04  1.08501654e+00]]","[[ 4.00359403e+02 -9.12031495e+01  1.68435303e+02]
 [-2.37937314e+02 -2.07440509e+02  2.96249917e+02]
 [-8.23309244e-03 -5.21353514e-02  1.00000000e+00]]",8
59,425354.763955,"[[ 1.27144668e-03 -1.00480328e-03  1.86138033e-01]
 [-1.28909141e-03 -2.74582068e-03  7.98630304e-01]
 [-4.52298484e-04 -4.69992416e-04  1.15079987e+00]]","[[ 5.81754986e+02 -2.23306313e+02  6.08728426e+01]
 [-2.34467602e+02 -3.23281622e+02  2.62274828e+02]
 [ 1.32889225e-01 -2.19795833e-01  1.00000000e+00]]",4,"[[ 1.99041830e-03 -8.18079611e-04 -9.98286364e-02]
 [-2.42203984e-03 -4.19527137e-03  1.61531714e+00]
 [-1.20713673e-04 -2.28211364e-04  1.08600952e+00]]","[[ 4.05300584e+02 -8.81963691e+01  1.68438405e+02]
 [-2.35716468e+02 -2.08053732e+02  2.87788919e+02]
 [-4.48233129e-03 -5.35232267e-02  1.00000000e+00]]",8
60,425354.813675,"[[ 1.26947280e-03 -9.97575617e-04  1.86096779e-01]
 [-1.27653775e-03 -2.73625956e-03  7.82551719e-01]
 [-4.50274569e-04 -4.64609255e-04  1.14622834e+00]]","[[ 5.84109600e+02 -2.22661896e+02  5.71819178e+01]
 [-2.34006510e+02 -3.24180352e+02  2.59316350e+02]
 [ 1.34605037e-01 -2.18871034e-01  1.00000000e+00]]",4,"[[ 1.99657187e-03 -8.08381236e-04 -1.01676829e-01]
 [-2.42017741e-03 -4.20119145e-03  1.60325597e+00]
 [-1.16708667e-04 -2.21754732e-04  1.08278725e+00]]","[[ 4.05384963e+02 -8.67959118e+01  1.66583345e+02]
 [-2.35240496e+02 -2.07841403e+02  2.85655805e+02]
 [-4.48264837e-03 -5.19212336e-02  1.00000000e+00]]",8
61,425354.864606,"[[ 1.26164056e-03 -9.83245672e-04  1.93574488e-01]
 [-1.25213115e-03 -2.72388354e-03  7.52647605e-01]
 [-4.49192301e-04 -4.56278982e-04  1.13699080e+00]]","[[ 5.89927521e+02 -2.20582753e+02  4.55818666e+01]
 [-2.32571656e+02 -3.25946644e+02  2.55360818e+02]
 [ 1.39731423e-01 -2.17949589e-01  1.00000000e+00]]",4,"[[ 2.01601350e-03 -7.89173017e-04 -1.00090544e-01]
 [-2.43359753e-03 -4.23267329e-03  1.58955242e+00]
 [-1.17633770e-04 -2.30733844e-04  1.08423821e+00]]","[[ 4.03922089e+02 -8.40610994e+01  1.60525892e+02]
 [-2.34522198e+02 -2.07971722e+02  2.83248180e+02]
 [-6.08476077e-03 -5.33780662e-02  1.00000000e+00]]",8
62,425354.916501,"[[ 1.25344680e-03 -9.79011251e-04  2.01734210e-01]
 [-1.24366695e-03 -2.71053716e-03  7.35843312e-01]
 [-4.49333068e-04 -4.49808710e-04  1.13125010e+00]]","[[ 5.92689147e+02 -2.20313666e+02  3.76138406e+01]
 [-2.33205075e+02 -3.26886706e+02  2.54216851e+02]
 [ 1.42689190e-01 -2.17485686e-01  1.00000000e+00]]",4,"[[ 2.02622259e-03 -7.84753078e-04 -9.47792804e-02]
 [-2.45326100e-03 -4.24257186e-03  1.58352904e+00]
 [-1.15017228e-04 -2.30839459e-04  1.08327364e+00]]","[[ 4.02061061e+02 -8.28753420e+01  1.56324831e+02]
 [-2.35270309e+02 -2.07577979e+02  2.82852822e+02]
 [-7.44569225e-03 -5.30330272e-02  1.00000000e+00]]",8
63,425354.971061,"[[ 1.22958383e-03 -9.76160379e-04  2.26378597e-01]
 [-1.23744253e-03 -2.67443539e-03  7.04317711e-01]
 [-4.49415470e-04 -4.30384546e-04  1.11791204e+00]]","[[ 5.97514704e+02 -2.21029032e+02  1.82573592e+01]
 [-2.37261858e+02 -3.28331461e+02  2.54904374e+02]
 [ 1.48865481e-01 -2.15260811e-01  1.00000000e+00]]",4,"[[ 2.04498038e-03 -7.84280415e-04 -7.56102057e-02]
 [-2.52100690e-03 -4.25596787e-03  1.57971277e+00]
 [-1.10693841e-04 -2.30505239e-04  1.08178129e+00]]","[[ 3.96973515e+02 -8.10677971e+01  1.46128506e+02]
 [-2.38968433e+02 -2.06342606e+02  2.84617234e+02]
 [-1.02987108e-02 -5.22626507e-02  1.00000000e+00]]",8
64,425355.024256,"[[ 1.20984299e-03 -9.78802150e-04  2.45832419e-01]
 [-1.24546369e-03 -2.64904060e-03  6.85261811e-01]
 [-4.49205747e-04 -4.18841590e-04  1.10946012e+00]]","[[ 5.99456893e+02 -2.22192648e+02  4.41133354e+00]
 [-2.42760445e+02 -3.28369477e+02  2.56608999e+02]
 [ 1.51065647e-01 -2.13928383e-01  1.00000000e+00]]",4,"[[ 2.05211788e-03 -7.89060055e-04 -5.88182199e-02]
 [-2.59199138e-03 -4.26961869e-03  1.58465735e+00]
 [-1.10876777e-04 -2.32079413e-04  1.08196557e+00]]","[[ 3.93431570e+02 -8.02615429e+01  1.38939715e+02]
 [-2.43244591e+02 -2.04848690e+02  2.86800040e+02]
 [-1.18577130e-02 -5.21646033e-02  1.00000000e+00]]",8
65,425355.07811299997,"[[ 1.13639521e-03 -1.00362893e-03  3.16063301e-01]
 [-1.28764774e-03 -2.54858595e-03  6.14890377e-01]
 [-4.40287173e-04 -3.75386762e-04  1.07929577e+00]]","[[ 6.01609991e+02 -2.30288063e+02 -4.49783342e+01]
 [-2.67164544e+02 -3.26049464e+02  2.63992128e+02]
 [ 1.52498633e-01 -2.07345882e-01  1.00000000e+00]]",4,"[[ 2.07186570e-03 -8.33714495e-04  9.07384958e-03]
 [-2.88455459e-03 -4.30460194e-03  1.60174984e+00]
 [-9.07074245e-05 -2.18144592e-04  1.07482123e+00]]","[[ 3.77735026e+02 -7.89613114e+01  1.14482999e+02]
 [-2.60970760e+02 -1.96734025e+02  2.95385590e+02]
 [-2.10881477e-02 -4.65927166e-02  1.00000000e+00]]",8
215,425363.759331,"[[ 1.01610721e-03 -1.12707313e-03  4.96466341e-01]
 [-1.48096149e-03 -2.29861601e-03  4.54658227e-01]
 [-5.70286151e-04 -9.35616706e-04  1.19016684e+00]]","[[ 5.76896529e+02 -2.18963388e+02 -1.57000007e+02]
 [-3.75376773e+02 -3.72669770e+02  2.98949102e+02]
 [-1.86635001e-02 -3.97883585e-01  1.00000000e+00]]",1,"[[ 2.33738770e-03 -1.16251145e-03  2.28019228e-01]
 [-4.24359763e-03 -3.54257666e-03  1.43526179e+00]
 [-7.55171265e-04 -8.03793472e-04  1.31212566e+00]]","[[ 2.64473733e+02 -1.01568092e+02  6.51398772e+01]
 [-3.39367233e+02 -2.45136715e+02  3.27116240e+02]
 [-5.56792733e-02 -2.08623765e-01  1.00000000e+00]]",8
216,425363.810695,"[[ 1.11572525e-03 -1.06711446e-03  3.77855082e-01]
 [-1.28508146e-03 -2.32700612e-03  5.41559594e-01]
 [-2.61587306e-04 -4.03054105e-04  1.09083956e+00]]","[[ 5.84760525e+02 -2.55002359e+02 -7.59559563e+01]
 [-3.17608511e+02 -3.31663949e+02  2.74674475e+02]
 [ 2.28745980e-02 -1.83696947e-01  1.00000000e+00]]",2,"[[ 2.20729865e-03 -9.98705115e-04  8.41103879e-02]
 [-3.45219442e-03 -3.52170080e-03  1.41806907e+00]
 [ 1.42521148e-04  1.40230685e-04  9.43029006e-01]]","[[ 3.13685910e+02 -8.49824732e+01  9.98132323e+01]
 [-3.08134037e+02 -1.84433460e+02  3.04822711e+02]
 [-1.58746837e-03  4.02692069e-02  1.00000000e+00]]",8
217,425363.866351,"[[ 1.15577517e-03 -1.04129952e-03  3.25177399e-01]
 [-1.25808876e-03 -2.40177721e-03  5.85988040e-01]
 [-2.58679853e-04 -4.34787386e-04  1.10478677e+00]]","[[ 5.87051878e+02 -2.46950653e+02 -4.18052376e+01]
 [-3.03071006e+02 -3.33092199e+02  2.65879257e+02]
 [ 1.81818282e-02 -1.88910159e-01  1.00000000e+00]]",2,"[[ 2.15132499e-03 -9.37692045e-04  2.85544178e-02]
 [-3.22749008e-03 -3.54736510e-03  1.42522894e+00]
 [ 1.64484632e-04  1.35501005e-04  9.40784750e-01]]","[[ 3.31248933e+02 -8.31339464e+01  1.15888662e+02]
 [-3.06889109e+02 -1.89458699e+02  2.96332462e+02]
 [-1.37136326e-02  4.18226387e-02  1.00000000e+00]]",8
218,425363.925463,"[[ 1.24967997e-03 -1.01688504e-03  2.33687716e-01]
 [-1.22089974e-03 -2.63369390e-03  7.00833005e-01]
 [-4.39592094e-04 -4.05306547e-04  1.11325090e+00]]","[[ 5.84167894e+02 -2.28850932e+02  2.14447841e+01]
 [-2.31885281e+02 -3.29583964e+02  2.56161536e+02]
 [ 1.46248222e-01 -2.10360124e-01  1.00000000e+00]]",4,"[[ 2.06456405e-03 -8.28668876e-04 -6.83322891e-02]
 [-2.47341481e-03 -4.16168791e-03  1.55326205e+00]
 [-8.10280080e-05 -1.63278294e-04  1.05857543e+00]]","[[ 3.90148329e+02 -8.34795753e+01  1.47675244e+02]
 [-2.34214021e+02 -2.04850471e+02  2.85461077e+02]
 [-6.26230654e-03 -3.79867302e-02  1.00000000e+00]]",8
219,425363.983034,"[[ 1.32360482e-03 -9.57718974e-04  1.50585108e-01]
 [-1.17431918e-03 -2.77487884e-03  7.90085909e-01]
 [-4.42450985e-04 -4.56590067e-04  1.14760546e+00]]","[[ 5.88580385e+02 -2.14763012e+02  7.06251332e+01]
 [-2.08041391e+02 -3.30505283e+02  2.54839762e+02]
 [ 1.44150881e-01 -2.14296240e-01  1.00000000e+00]]",4,"[[ 2.03566319e-03 -7.46537941e-04 -1.44843580e-01]
 [-2.19435840e-03 -4.15999143e-03  1.55273913e+00]
 [-1.11767828e-04 -1.88104365e-04  1.07239766e+00]]","[[ 4.12514977e+02 -8.19106681e+01  1.74315976e+02]
 [-2.15670676e+02 -2.14401500e+02  2.81305243e+02]
 [ 5.16348338e-03 -4.61441097e-02  1.00000000e+00]]",8
220,425364.041782,"[[ 1.38428654e-03 -9.01640202e-04  8.80622671e-02]
 [-1.11333657e-03 -2.90104976e-03  8.63389366e-01]
 [-4.34286904e-04 -4.94326620e-04  1.17260009e+00]]","[[ 5.92658338e+02 -2.01950156e+02  1.04187934e+02]
 [-1.85377100e+02 -3.30986802e+02  2.57628510e+02]
 [ 1.41349912e-01 -2.14327031e-01  1.00000000e+00]]",4,"[[ 2.03045536e-03 -6.76763757e-04 -2.02416633e-01]
 [-1.96467017e-03 -4.16642872e-03  1.55281201e+00]
 [-1.21563732e-04 -2.12230289e-04  1.08325515e+00]]","[[ 4.27377218e+02 -7.92765167e+01  1.93499920e+02]
 [-1.98120453e+02 -2.22169128e+02  2.81451711e+02]
 [ 9.14503701e-03 -5.24236302e-02  1.00000000e+00]]",8
221,425364.101165,"[[ 1.40710932e-03 -8.71456086e-04  6.21417077e-02]
 [-1.07795178e-03 -2.95286961e-03  8.90492328e-01]
 [-4.31487606e-04 -5.07625420e-04  1.18171671e+00]]","[[ 5.96227235e+02 -1.95954363e+02  1.16309837e+02]
 [-1.74622640e+02 -3.31661952e+02  2.59109285e+02]
 [ 1.42692212e-01 -2.14020766e-01  1.00000000e+00]]",4,"[[ 2.02934365e-03 -6.41824978e-04 -2.26256919e-01]
 [-1.86345620e-03 -4.16725812e-03  1.54872148e+00]
 [-1.25451218e-04 -2.18824198e-04  1.08686207e+00]]","[[ 4.34105342e+02 -7.73956593e+01  2.00654400e+02]
 [-1.89688866e+02 -2.25554226e+02  2.81914572e+02]
 [ 1.19155231e-02 -5.43455365e-02  1.00000000e+00]]",8
222,425364.153918,"[[ 1.44804868e-03 -8.29510275e-04  1.85233594e-02]
 [-1.01122190e-03 -3.04592107e-03  9.27203426e-01]
 [-4.17434723e-04 -5.33570943e-04  1.19504731e+00]]","[[ 5.99164566e+02 -1.86956434e+02  1.35767098e+02]
 [-1.56475326e+02 -3.31123328e+02  2.59334613e+02]
 [ 1.39426620e-01 -2.13146284e-01  1.00000000e+00]]",4,"[[ 2.02992500e-03 -5.91383629e-04 -2.65380314e-01]
 [-1.69832564e-03 -4.19203826e-03  1.53860139e+00]
 [-1.24905311e-04 -2.33784397e-04  1.09222372e+00]]","[[ 4.43451074e+02 -7.44138684e+01  2.12572261e+02]
 [-1.74773189e+02 -2.29557618e+02  2.80909761e+02]
 [ 1.33032725e-02 -5.76454030e-02  1.00000000e+00]]",8
223,425364.205728,"[[ 1.46403776e-03 -8.17949184e-04 -2.29385660e-04]
 [-9.84890217e-04 -3.07793498e-03  9.32260546e-01]
 [-4.08889849e-04 -5.48928540e-04  1.19977649e+00]]","[[ 5.98871891e+02 -1.84773811e+02  1.43689019e+02]
 [-1.50693885e+02 -3.30664416e+02  2.56906868e+02]
 [ 1.35152225e-01 -2.14259299e-01  1.00000000e+00]]",4,"[[ 2.02735674e-03 -5.75777309e-04 -2.81035342e-01]
 [-1.63972257e-03 -4.20884896e-03  1.52870987e+00]
 [-1.24165507e-04 -2.42788193e-04  1.09462267e+00]]","[[ 4.46973689e+02 -7.37041679e+01  2.17689344e+02]
 [-1.69365028e+02 -2.30485018e+02  2.78403846e+02]
 [ 1.31359289e-02 -5.94821923e-02  1.00000000e+00]]",8
224,425364.258748,"[[ 1.47085396e-03 -8.08021860e-04 -2.41010084e-02]
 [-9.70149796e-04 -3.09915423e-03  9.13922764e-01]
 [-3.99241531e-04 -5.70207247e-04  1.20175094e+00]]","[[ 5.99607436e+02 -1.84336817e+02  1.52211870e+02]
 [-1.49935735e+02 -3.29067291e+02  2.47246311e+02]
 [ 1.28057939e-01 -2.17375713e-01  1.00000000e+00]]",4,"[[ 2.00981566e-03 -5.60886687e-04 -2.98324049e-01]
 [-1.61061136e-03 -4.25128658e-03  1.50739879e+00]
 [-1.26703998e-04 -2.54065629e-04  1.09689800e+00]]","[[ 4.53048024e+02 -7.31428134e+01  2.23731387e+02]
 [-1.66780005e+02 -2.29343666e+02  2.69813493e+02]
 [ 1.37022122e-02 -6.15698360e-02  1.00000000e+00]]",8
225,425364.311879,"[[ 1.44555763e-03 -8.44970194e-04 -1.84568418e-02]
 [-1.02355013e-03 -3.05089722e-03  8.63865015e-01]
 [-3.99379252e-04 -5.91641948e-04  1.19746627e+00]]","[[ 5.95673551e+02 -1.93880653e+02  1.49048845e+02]
 [-1.66945487e+02 -3.26748240e+02  2.33146513e+02]
 [ 1.16185071e-01 -2.26102297e-01  1.00000000e+00]]",4,"[[ 1.97818308e-03 -5.98162412e-04 -2.86031410e-01]
 [-1.72662576e-03 -4.30214307e-03  1.49590651e+00]
 [-1.35702608e-04 -2.70121948e-04  1.10000266e+00]]","[[ 4.53545810e+02 -7.70434813e+01  2.22706909e+02]
 [-1.77748482e+02 -2.23948455e+02  2.58330559e+02]
 [ 1.23032276e-02 -6.44983841e-02  1.00000000e+00]]",8
226,425364.36959099997,"[[ 1.40589353e-03 -8.63364769e-04  3.80201894e-03]
 [-1.10128828e-03 -2.92476101e-03  8.06858231e-01]
 [-3.65285072e-04 -5.47317569e-04  1.17254482e+00]]","[[ 5.90158648e+02 -1.99547626e+02  1.35400240e+02]
 [-1.96846234e+02 -3.25884756e+02  2.24887959e+02]
 [ 9.19698253e-02 -2.14281124e-01  1.00000000e+00]]",3,"[[ 1.95935785e-03 -6.28064240e-04 -2.61527622e-01]
 [-2.14847966e-03 -3.89961536e-03  1.45008099e+00]
 [-1.34782301e-06 -2.20138528e-05  1.00587079e+00]]","[[ 4.32762308e+02 -7.09121055e+01  2.14746858e+02]
 [-2.40167789e+02 -2.19185862e+02  2.53538269e+02]
 [-4.67627789e-03 -4.89198245e-03  1.00000000e+00]]",8
259,425366.025804,"[[ 1.08902569e-03 -1.18673614e-03  3.56076331e-01]
 [-1.29160065e-03 -2.12026244e-03  6.11076963e-01]
 [-1.28308080e-04 -2.01798340e-04  1.05811823e+00]]","[[ 5.51868605e+02 -3.08149466e+02 -7.75367825e+00]
 [-3.35326387e+02 -3.11833634e+02  2.92931482e+02]
 [ 2.96837630e-03 -9.68375493e-02  1.00000000e+00]]",1,"[[ 1.98894340e-03 -1.14356398e-03  1.02510378e-01]
 [-3.29644317e-03 -3.22575486e-03  1.42235647e+00]
 [ 3.55664916e-04  3.68248687e-04  8.40253016e-01]]","[[ 3.17531711e+02 -9.80441528e+01  1.27227677e+02]
 [-3.21605866e+02 -1.60497798e+02  3.10921849e+02]
 [ 6.54094454e-03  1.11840085e-01  1.00000000e+00]]",8
260,425366.073392,"[[ 1.22519402e-03 -1.12322404e-03  2.37927300e-01]
 [-1.42175354e-03 -2.54124968e-03  7.87206971e-01]
 [-3.64422935e-04 -4.82752799e-04  1.15514223e+00]]","[[ 5.42510098e+02 -2.51062640e+02  5.93522560e+01]
 [-2.87752771e+02 -3.18859684e+02  2.76565776e+02]
 [ 5.08938771e-02 -2.12461620e-01  1.00000000e+00]]",3,"[[ 1.92750727e-03 -9.87755058e-04 -2.54034603e-02]
 [-2.84082578e-03 -3.49563958e-03  1.52440954e+00]
 [ 1.38568958e-04  4.66882458e-05  9.62827649e-01]]","[[ 3.60111336e+02 -9.95243839e+01  1.67074549e+02]
 [-3.08726844e+02 -1.94823430e+02  3.00311241e+02]
 [-3.68563760e-02  2.37705621e-02  1.00000000e+00]]",8
261,425366.126613,"[[ 1.29830566e-03 -1.07209017e-03  1.57918578e-01]
 [-1.37568136e-03 -2.73195210e-03  8.86151108e-01]
 [-4.37434274e-04 -4.99572074e-04  1.18123950e+00]]","[[ 5.54465277e+02 -2.36471429e+02  1.03272072e+02]
 [-2.46402750e+02 -3.19148638e+02  2.72362624e+02]
 [ 1.01119360e-01 -2.22544585e-01  1.00000000e+00]]",4,"[[ 1.91030233e-03 -8.95697387e-04 -1.04156787e-01]
 [-2.37758861e-03 -4.03826151e-03  1.64203637e+00]
 [-1.14169741e-04 -2.04105707e-04  1.08184044e+00]]","[[ 4.09756855e+02 -1.00596372e+02  1.92137261e+02]
 [-2.42251606e+02 -2.08733399e+02  2.93495854e+02]
 [-2.46163964e-03 -4.99969658e-02  1.00000000e+00]]",8
262,425366.177813,"[[ 1.32221303e-03 -1.04960962e-03  1.31076486e-01]
 [-1.35303169e-03 -2.78572062e-03  9.13162810e-01]
 [-4.33777067e-04 -5.22568293e-04  1.19222094e+00]]","[[ 5.57268658e+02 -2.31777571e+02  1.16258519e+02]
 [-2.38465858e+02 -3.20022977e+02  2.71334226e+02]
 [ 9.82331911e-02 -2.24600698e-01  1.00000000e+00]]",4,"[[ 1.90934163e-03 -8.66450860e-04 -1.28880894e-01]
 [-2.28957040e-03 -4.05677177e-03  1.64208984e+00]
 [-1.20253027e-04 -2.23504541e-04  1.08929198e+00]]","[[ 4.16462096e+02 -9.99657835e+01  1.99970999e+02]
 [-2.36037763e+02 -2.12171102e+02  2.91917374e+02]
 [-2.45543350e-03 -5.45697518e-02  1.00000000e+00]]",8
263,425366.236209,"[[ 1.35681363e-03 -1.02043622e-03  9.39534134e-02]
 [-1.31435769e-03 -2.84998311e-03  9.45544083e-01]
 [-4.19737227e-04 -5.44263176e-04  1.20315602e+00]]","[[ 5.59578656e+02 -2.25918359e+02  1.33849177e+02]
 [-2.27433056e+02 -3.21017203e+02  2.70043140e+02]
 [ 9.23342892e-02 -2.24030952e-01  1.00000000e+00]]",4,"[[ 1.90880429e-03 -8.27599724e-04 -1.62548484e-01]
 [-2.16081866e-03 -4.06722494e-03  1.63445785e+00]
 [-1.17084816e-04 -2.31813627e-04  1.09187660e+00]]","[[ 4.25260752e+02 -9.85484237e+01  2.10828528e+02]
 [-2.26969835e+02 -2.16204320e+02  2.89852577e+02]
 [-2.58557012e-03 -5.64694141e-02  1.00000000e+00]]",8
264,425366.289812,"[[ 1.36850423e-03 -9.98908689e-04  8.35585944e-02]
 [-1.30391959e-03 -2.89003668e-03  9.75306848e-01]
 [-4.18758797e-04 -5.62654409e-04  1.21286298e+00]]","[[ 5.62328919e+02 -2.21496802e+02  1.39372655e+02]
 [-2.23119756e+02 -3.22356876e+02  2.74590326e+02]
 [ 9.06457435e-02 -2.26018318e-01  1.00000000e+00]]",4,"[[ 1.91230939e-03 -8.03192916e-04 -1.73646476e-01]
 [-2.11285976e-03 -4.07238167e-03  1.64671032e+00]
 [-1.19611767e-04 -2.54895951e-04  1.10036588e+00]]","[[ 4.28202825e+02 -9.78490697e+01  2.14006075e+02]
 [-2.24356662e+02 -2.19666679e+02  2.93328472e+02]
 [-5.42502138e-03 -6.15213978e-02  1.00000000e+00]]",8
265,425366.342543,"[[ 1.36749628e-03 -9.96485606e-04  8.94144978e-02]
 [-1.30456034e-03 -2.89433733e-03  9.86054414e-01]
 [-4.17654006e-04 -5.59213203e-04  1.21331098e+00]]","[[ 5.63015002e+02 -2.20435817e+02  1.37656388e+02]
 [-2.22710962e+02 -3.22661067e+02  2.78638340e+02]
 [ 9.11576363e-02 -2.24593888e-01  1.00000000e+00]]",4,"[[ 1.91726498e-03 -8.02016530e-04 -1.69773811e-01]
 [-2.11104165e-03 -4.06485453e-03  1.65547942e+00]
 [-1.13912764e-04 -2.54599649e-04  1.09979508e+00]]","[[ 4.26819721e+02 -9.75363745e+01  2.12705326e+02]
 [-2.24860004e+02 -2.20235135e+02  2.96800194e+02]
 [-7.84606564e-03 -6.10863128e-02  1.00000000e+00]]",8
266,425366.397327,"[[ 1.34314998e-03 -9.98292234e-04  1.25281773e-01]
 [-1.32438387e-03 -2.88622368e-03  1.00407486e+00]
 [-4.22870877e-04 -5.38559677e-04  1.20901838e+00]]","[[ 5.67201981e+02 -2.19183688e+02  1.23254339e+02]
 [-2.26325490e+02 -3.22552521e+02  2.91328356e+02]
 [ 9.75695808e-02 -2.20344194e-01  1.00000000e+00]]",4,"[[ 1.93007468e-03 -8.12762529e-04 -1.41649818e-01]
 [-2.16748797e-03 -4.05506893e-03  1.68970412e+00]
 [-1.00107902e-04 -2.54385795e-04  1.09871441e+00]]","[[ 4.19839972e+02 -9.68924134e+01  2.03137197e+02]
 [-2.30730331e+02 -2.19687956e+02  3.08109853e+02]
 [-1.51679268e-02 -5.96926653e-02  1.00000000e+00]]",8
267,425366.452113,"[[ 1.28449336e-03 -1.02683609e-03  1.96426547e-01]
 [-1.35829829e-03 -2.82505850e-03  9.69912641e-01]
 [-4.32545454e-04 -5.13855076e-04  1.19270304e+00]]","[[ 5.71523975e+02 -2.23702914e+02  8.77920152e+01]
 [-2.38978950e+02 -3.21882464e+02  3.01114082e+02]
 [ 1.04308908e-01 -2.19805440e-01  1.00000000e+00]]",4,"[[ 1.95040789e-03 -8.56675754e-04 -8.19239516e-02]
 [-2.33830558e-03 -4.07780210e-03  1.72049357e+00]
 [-8.43787297e-05 -2.67133013e-04  1.10021451e+00]]","[[ 4.04443063e+02 -9.68620623e+01  1.81586526e+02]
 [-2.43805873e+02 -2.14828936e+02  3.17790995e+02]
 [-2.81783284e-02 -5.95892876e-02  1.00000000e+00]]",8
268,425366.50309899997,"[[ 1.24540929e-03 -1.04885522e-03  2.37227611e-01]
 [-1.38572898e-03 -2.76437714e-03  9.37580027e-01]
 [-4.37673921e-04 -4.93719787e-04  1.18017730e+00]]","[[ 5.71779662e+02 -2.28893601e+02  6.69087147e+01]
 [-2.50204044e+02 -3.21397998e+02  3.05624971e+02]
 [ 1.07375697e-01 -2.19341037e-01  1.00000000e+00]]",4,"[[ 1.95390810e-03 -8.89784280e-04 -4.44384024e-02]
 [-2.46335208e-03 -4.07402107e-03  1.73087739e+00]
 [-8.17335727e-05 -2.71371282e-04  1.10133263e+00]]","[[ 3.95695086e+02 -9.77143967e+01  1.69536154e+02]
 [-2.53296904e+02 -2.11608191e+02  3.22347414e+02]
 [-3.30471753e-02 -5.93925315e-02  1.00000000e+00]]",8
292,425367.709172,"[[ 1.12705183e-03 -1.12424877e-03  3.35582418e-01]
 [-1.26991756e-03 -2.46513712e-03  5.92890899e-01]
 [-3.94966123e-04 -4.30615727e-04  1.09695261e+00]]","[[ 5.82217507e+02 -2.58851653e+02 -3.82069101e+01]
 [-2.75524579e+02 -3.25452432e+02  2.60192636e+02]
 [ 1.01472912e-01 -2.20959929e-01  1.00000000e+00]]",4,"[[ 2.02519632e-03 -9.91554008e-04  5.06144665e-02]
 [-2.82944061e-03 -4.21039345e-03  1.56380748e+00]
 [ 1.92021734e-06 -2.39463799e-04  1.06972136e+00]]","[[ 3.64394699e+02 -9.25280291e+01  1.18023615e+02]
 [-2.67349501e+02 -1.91159455e+02  2.92102553e+02]
 [-6.05019650e-02 -4.26261429e-02  1.00000000e+00]]",8
293,425367.764783,"[[ 1.17202528e-03 -1.07035335e-03  2.66222715e-01]
 [-1.23225694e-03 -2.53827322e-03  6.00691766e-01]
 [-4.02907418e-04 -4.73098788e-04  1.11063756e+00]]","[[ 5.90356623e+02 -2.47521423e+02 -7.63729105e+00]
 [-2.62366463e+02 -3.28132469e+02  2.40361387e+02]
 [ 1.02404071e-01 -2.29568403e-01  1.00000000e+00]]",4,"[[ 2.00368760e-03 -9.06254331e-04 -1.94201861e-02]
 [-2.65969313e-03 -4.27803925e-03  1.53338571e+00]
 [-3.91785357e-05 -2.70927163e-04  1.07977525e+00]]","[[ 3.82790352e+02 -8.95823531e+01  1.34100277e+02]
 [-2.56031739e+02 -1.96934033e+02  2.75060619e+02]
 [-5.03519482e-02 -5.26632598e-02  1.00000000e+00]]",8
294,425367.825345,"[[ 1.17920695e-03 -1.05533604e-03  2.53180374e-01]
 [-1.23164162e-03 -2.55099959e-03  6.04544875e-01]
 [-4.05163575e-04 -4.80542500e-04  1.11356453e+00]]","[[ 5.91973404e+02 -2.44552582e+02 -1.82570262e+00]
 [-2.61510062e+02 -3.28625393e+02  2.37864988e+02]
 [ 1.02535021e-01 -2.30792433e-01  1.00000000e+00]]",4,"[[ 1.99871898e-03 -8.84949411e-04 -3.28230151e-02]
 [-2.63911639e-03 -4.28980382e-03  1.53205931e+00]
 [-5.26581283e-05 -2.85445222e-04  1.08507735e+00]]","[[ 3.86581651e+02 -8.88765872e+01  1.37181906e+02]
 [-2.55093757e+02 -1.98635782e+02  2.72744477e+02]
 [-4.83455192e-02 -5.65671282e-02  1.00000000e+00]]",8
295,425367.882822,"[[ 1.15866169e-03 -1.05122938e-03  2.71187007e-01]
 [-1.25596549e-03 -2.54553774e-03  6.00267399e-01]
 [-4.08805845e-04 -4.77746160e-04  1.11025427e+00]]","[[ 5.94749961e+02 -2.43007076e+02 -1.38880228e+01]
 [-2.69115286e+02 -3.27251044e+02  2.42663963e+02]
 [ 1.03191196e-01 -2.30294672e-01  1.00000000e+00]]",4,"[[ 1.99915568e-03 -8.81975840e-04 -1.70546999e-02]
 [-2.72858015e-03 -4.31846399e-03  1.55408730e+00]
 [-5.88250756e-05 -2.96679641e-04  1.08993793e+00]]","[[ 3.84588722e+02 -8.75338901e+01  1.30827956e+02]
 [-2.61105957e+02 -1.97281446e+02  2.77207993e+02]
 [-5.03160404e-02 -5.84240392e-02  1.00000000e+00]]",8
339,425370.105305,"[[ 8.11397311e-04 -1.01522759e-03  4.55729155e-01]
 [-1.44385880e-03 -1.97100474e-03  2.73390682e-01]
 [ 1.73502672e-04 -1.63980633e-03  1.50583899e+00]]","[[ 8.22060335e+02 -2.54953626e+02 -2.02501674e+02]
 [-7.24819187e+02 -3.72829123e+02  2.87048780e+02]
 [-8.84020646e-01 -3.76622218e-01  1.00000000e+00]]",1,"[[ 1.99951572e-03 -1.08778603e-03  2.51577248e-01]
 [-4.45489677e-03 -3.19445492e-03  1.24115196e+00]
 [ 1.20396776e-03 -1.73211699e-03  1.49690986e+00]]","[[ 2.34301758e+02 -1.06162254e+02  4.86458804e+01]
 [-7.26666140e+02 -2.39483942e+02  3.20693080e+02]
 [-1.02929546e+00 -1.91727159e-01  1.00000000e+00]]",8
340,425370.156847,"[[ 9.27200044e-04 -1.12118792e-03  4.63926303e-01]
 [-1.36649826e-03 -2.24153663e-03  3.88623761e-01]
 [-5.07114034e-04 -4.21533173e-04  1.03122398e+00]]","[[ 5.94858264e+02 -2.66070551e+02 -1.67343914e+02]
 [-3.35716544e+02 -3.29990187e+02  2.75390962e+02]
 [ 1.55296344e-01 -2.65732689e-01  1.00000000e+00]]",3,"[[ 2.05390906e-03 -1.06253060e-03  2.03291618e-01]
 [-3.71807518e-03 -4.33286584e-03  1.57374804e+00]
 [-6.05137903e-05 -1.84181836e-04  1.06089066e+00]]","[[ 3.35165834e+02 -8.48090467e+01  6.15819034e+01]
 [-2.99554351e+02 -1.70528807e+02  3.10367766e+02]
 [-3.28877581e-02 -3.44431590e-02  1.00000000e+00]]",8
341,425370.213997,"[[ 9.75766953e-04 -1.08806775e-03  4.20056832e-01]
 [-1.34328023e-03 -2.32784806e-03  4.48492441e-01]
 [-5.25466336e-04 -4.77716565e-04  1.05926044e+00]]","[[ 6.03143524e+02 -2.54989192e+02 -1.31217808e+02]
 [-3.18031205e+02 -3.36006244e+02  2.68382949e+02]
 [ 1.55771741e-01 -2.78027928e-01  1.00000000e+00]]",3,"[[ 2.04275900e-03 -1.00314720e-03  1.48629324e-01]
 [-3.46921636e-03 -4.35117762e-03  1.58492167e+00]
 [-1.19535764e-04 -2.70024157e-04  1.09105449e+00]]","[[ 3.49225057e+02 -8.52448701e+01  7.62577469e+01]
 [-2.90709228e+02 -1.81632396e+02  3.03450504e+02]
 [-3.36863378e-02 -5.42914636e-02  1.00000000e+00]]",8
342,425370.26977,"[[ 9.92035804e-04 -1.07617477e-03  4.07153319e-01]
 [-1.33702048e-03 -2.35465097e-03  4.72743447e-01]
 [-5.22437048e-04 -4.70773541e-04  1.06410689e+00]]","[[ 6.04817715e+02 -2.52595269e+02 -1.19199287e+02]
 [-3.11477343e+02 -3.36006043e+02  2.68453942e+02]
 [ 1.59141804e-01 -2.72667985e-01  1.00000000e+00]]",3,"[[ 2.04204984e-03 -9.83248143e-04  1.31982475e-01]
 [-3.38436901e-03 -4.33813262e-03  1.58854806e+00]
 [-1.04928237e-04 -2.45708500e-04  1.08293033e+00]]","[[ 3.53475238e+02 -8.47144044e+01  8.11874625e+01]
 [-2.87071201e+02 -1.82601437e+02  3.02844528e+02]
 [-3.08849977e-02 -4.96390733e-02  1.00000000e+00]]",8
343,425370.32910699997,"[[ 1.01869449e-03 -1.06991722e-03  3.92450462e-01]
 [-1.32686487e-03 -2.41233112e-03  5.16376542e-01]
 [-5.23246949e-04 -4.85350566e-04  1.07783206e+00]]","[[ 6.05990557e+02 -2.48310327e+02 -1.01685272e+02]
 [-2.99181300e+02 -3.36164193e+02  2.69987462e+02]
 [ 1.59463523e-01 -2.71920936e-01  1.00000000e+00]]",3,"[[ 2.04519741e-03 -9.69063575e-04  1.12693982e-01]
 [-3.25905462e-03 -4.33840629e-03  1.60286604e+00]
 [-1.04807804e-04 -2.56579137e-04  1.08701604e+00]]","[[ 3.57793144e+02 -8.51518406e+01  8.84677458e+01]
 [-2.80493373e+02 -1.85765917e+02  3.03001779e+02]
 [-3.17099587e-02 -5.20583265e-02  1.00000000e+00]]",8
344,425370.379967,"[[ 1.03497856e-03 -1.05552298e-03  3.84313191e-01]
 [-1.32473727e-03 -2.44915106e-03  5.46837543e-01]
 [-5.19536326e-04 -4.76905947e-04  1.08227050e+00]]","[[ 6.07624547e+02 -2.43847809e+02 -9.25581839e+01]
 [-2.92293440e+02 -3.35559291e+02  2.73340763e+02]
 [ 1.62885845e-01 -2.64922695e-01  1.00000000e+00]]",3,"[[ 2.05454605e-03 -9.50067596e-04  1.00304352e-01]
 [-3.19398187e-03 -4.33491700e-03  1.61651374e+00]
 [-9.36169803e-05 -2.43968472e-04  1.08303472e+00]]","[[ 3.60151126e+02 -8.41221976e+01  9.22038427e+01]
 [-2.77021994e+02 -1.87134669e+02  3.04969240e+02]
 [-3.12717320e-02 -4.94261395e-02  1.00000000e+00]]",8
345,425370.433642,"[[ 1.06854792e-03 -1.05122972e-03  3.86810565e-01]
 [-1.29629819e-03 -2.38088595e-03  5.39116399e-01]
 [-4.18658258e-04 -3.23947269e-04  1.05138616e+00]]","[[ 5.96034225e+02 -2.50830009e+02 -9.06667476e+01]
 [-2.91083510e+02 -3.29015723e+02  2.75799662e+02]
 [ 1.47651688e-01 -2.01254122e-01  1.00000000e+00]]",4,"[[ 2.09243459e-03 -9.21011773e-04  8.69646372e-02]
 [-3.10617301e-03 -4.20494189e-03  1.57998158e+00]
 [-6.41371569e-05 -2.24062784e-04  1.07471716e+00]]","[[ 3.57232146e+02 -8.32240623e+01  9.34440481e+01]
 [-2.77623659e+02 -1.93350891e+02  3.06717248e+02]
 [-3.65615042e-02 -4.52774885e-02  1.00000000e+00]]",8
346,425370.492243,"[[ 1.07342263e-03 -1.05844709e-03  3.89311419e-01]
 [-1.31597814e-03 -2.40554332e-03  5.69274052e-01]
 [-4.30484283e-04 -3.43460493e-04  1.06089933e+00]]","[[ 5.92825621e+02 -2.48849892e+02 -8.40136240e+01]
 [-2.89569821e+02 -3.28645731e+02  2.82611475e+02]
 [ 1.46805935e-01 -2.07373862e-01  1.00000000e+00]]",4,"[[ 2.09045106e-03 -9.33658579e-04  9.01760423e-02]
 [-3.09610853e-03 -4.18932286e-03  1.60172664e+00]
 [-7.35322855e-05 -2.41933154e-04  1.08239885e+00]]","[[ 3.56018784e+02 -8.48858514e+01  9.59531367e+01]
 [-2.77589904e+02 -1.94821222e+02  3.11421525e+02]
 [-3.78597283e-02 -4.93122877e-02  1.00000000e+00]]",8
347,425370.552961,"[[ 1.07001926e-03 -1.05577983e-03  3.95343675e-01]
 [-1.33030601e-03 -2.41718347e-03  5.91016208e-01]
 [-4.35323803e-04 -3.31938027e-04  1.06016724e+00]]","[[ 5.92952063e+02 -2.47578970e+02 -8.30969496e+01]
 [-2.88920032e+02 -3.27366699e+02  2.90238862e+02]
 [ 1.53016049e-01 -2.04158804e-01  1.00000000e+00]]",4,"[[ 2.09473363e-03 -9.42111717e-04  9.76751899e-02]
 [-3.10123238e-03 -4.16819130e-03  1.61905681e+00]
 [-6.18340500e-05 -2.26497826e-04  1.07774147e+00]]","[[ 3.54031981e+02 -8.52341233e+01  9.59587712e+01]
 [-2.78230981e+02 -1.94252908e+02  3.17035920e+02]
 [-3.81608043e-02 -4.57143331e-02  1.00000000e+00]]",8
348,425370.610499,"[[ 1.03040902e-03 -1.07815712e-03  4.15463847e-01]
 [-1.38802303e-03 -2.48944134e-03  6.24437696e-01]
 [-5.33062036e-04 -4.83962985e-04  1.09799742e+00]]","[[ 5.98573384e+02 -2.41957007e+02 -8.88877552e+01]
 [-2.93275331e+02 -3.33080038e+02  3.00395087e+02]
 [ 1.61332204e-01 -2.64277948e-01  1.00000000e+00]]",3,"[[ 2.06330960e-03 -9.91070615e-04  1.31144937e-01]
 [-3.24193665e-03 -4.28408265e-03  1.69127145e+00]
 [-9.79822784e-05 -2.67466391e-04  1.09593602e+00]]","[[ 3.52023689e+02 -8.72087821e+01  9.24575858e+01]
 [-2.81043358e+02 -1.88685202e+02  3.24813950e+02]
 [-3.71167375e-02 -5.38460859e-02  1.00000000e+00]]",8
349,425370.676454,"[[ 1.00995932e-03 -1.07881588e-03  4.34159687e-01]
 [-1.41113459e-03 -2.47799441e-03  6.24223818e-01]
 [-5.37363417e-04 -4.76002171e-04  1.09328390e+00]]","[[ 5.99255341e+02 -2.41685545e+02 -9.99801037e+01]
 [-2.99957093e+02 -3.32289319e+02  3.08842182e+02]
 [ 1.63944306e-01 -2.63466249e-01  1.00000000e+00]]",3,"[[ 2.06800703e-03 -9.99564828e-04  1.50795568e-01]
 [-3.33234606e-03 -4.28694948e-03  1.71221073e+00]
 [-9.61645720e-05 -2.65127193e-04  1.09629309e+00]]","[[ 3.48120853e+02 -8.65699228e+01  8.73223317e+01]
 [-2.86034550e+02 -1.87076078e+02  3.31523034e+02]
 [-3.86380659e-02 -5.28361583e-02  1.00000000e+00]]",8
350,425370.73192,"[[ 9.42461684e-04 -1.10983451e-03  5.02568205e-01]
 [-1.46882253e-03 -2.40570676e-03  5.93425067e-01]
 [-5.39181749e-04 -4.48063609e-04  1.07301352e+00]]","[[ 5.94099169e+02 -2.47774388e+02 -1.41228248e+02]
 [-3.22289410e+02 -3.28998247e+02  3.32901878e+02]
 [ 1.63950658e-01 -2.61886326e-01  1.00000000e+00]]",3,"[[ 2.08769038e-03 -1.06778835e-03  2.29240208e-01]
 [-3.63941768e-03 -4.26410283e-03  1.74751552e+00]
 [-7.59135595e-05 -2.52448853e-04  1.09376318e+00]]","[[ 3.30206163e+02 -8.68012261e+01  6.94756977e+01]
 [-3.00901190e+02 -1.79918326e+02  3.50522605e+02]
 [-4.65320429e-02 -4.75510295e-02  1.00000000e+00]]",8
351,425370.783229,"[[ 8.90511051e-04 -1.13643954e-03  5.53995883e-01]
 [-1.51750244e-03 -2.34195051e-03  5.62523405e-01]
 [-5.48719282e-04 -4.26565122e-04  1.05541777e+00]]","[[ 5.85757200e+02 -2.52777503e+02 -1.72740901e+02]
 [-3.39344768e+02 -3.26462584e+02  3.52124496e+02]
 [ 1.67387393e-01 -2.63366272e-01  1.00000000e+00]]",3,"[[ 2.10125738e-03 -1.13837091e-03  2.96328624e-01]
 [-3.90643730e-03 -4.22796495e-03  1.76540983e+00]
 [-8.83437963e-05 -2.63152845e-04  1.10109283e+00]]","[[ 3.14365305e+02 -8.81757419e+01  5.67716735e+01]
 [-3.10958050e+02 -1.75519858e+02  3.65101145e+02]
 [-4.90941995e-02 -4.90225059e-02  1.00000000e+00]]",8
352,425370.83561,"[[ 8.67373031e-04 -1.14578804e-03  5.72128591e-01]
 [-1.54042263e-03 -2.31278306e-03  5.38702633e-01]
 [-5.48188254e-04 -4.14816635e-04  1.04571868e+00]]","[[ 5.82082293e+02 -2.54795126e+02 -1.87208205e+02]
 [-3.48852584e+02 -3.23693524e+02  3.57613475e+02]
 [ 1.66756915e-01 -2.61972134e-01  1.00000000e+00]]",3,"[[ 2.10296733e-03 -1.16554032e-03  3.22608854e-01]
 [-4.04974138e-03 -4.23089029e-03  1.76986562e+00]
 [-9.07621944e-05 -2.65053343e-04  1.10252595e+00]]","[[ 3.08099048e+02 -8.80869857e+01  5.12519877e+01]
 [-3.16085100e+02 -1.72413897e+02  3.69262310e+02]
 [-5.06252633e-02 -4.87007565e-02  1.00000000e+00]]",8
353,425370.895386,"[[ 1.11092929e-03 -1.18875463e-03  5.75030774e-01]
 [-1.55654093e-03 -2.34754494e-03  4.83208526e-01]
 [-4.32188659e-04 -3.63568103e-04  1.04159033e+00]]","[[ 5.09050547e+02 -2.30835094e+02 -1.73943861e+02]
 [-3.16811386e+02 -3.15289339e+02  3.21169257e+02]
 [ 1.00637799e-01 -2.05832802e-01  1.00000000e+00]]",1,"[[ 2.20734008e-03 -1.02422566e-03  3.12928775e-01]
 [-3.20968189e-03 -4.11860799e-03  1.39457365e+00]
 [ 1.02034300e-04  3.21208854e-06  9.97790499e-01]]","[[ 3.32346555e+02 -8.26399758e+01  1.12716368e+01]
 [-2.70214931e+02 -1.75345536e+02  3.29819027e+02]
 [-3.31159636e-02  9.01525668e-03  1.00000000e+00]]",8
393,425373.027216,"[[ 9.20195582e-04 -1.14557038e-03  5.49341535e-01]
 [-1.37649318e-03 -2.10968230e-03  2.02173800e-01]
 [-1.53311688e-04 -3.58784951e-04  1.05567576e+00]]","[[ 6.12418166e+02 -2.87720495e+02 -2.63582057e+02]
 [-4.04223428e+02 -3.00054461e+02  2.67809377e+02]
 [-4.84414074e-02 -1.43761887e-01  1.00000000e+00]]",1,"[[ 2.32438062e-03 -1.19319499e-03  3.06594583e-01]
 [-4.29501443e-03 -3.61412976e-03  1.23669293e+00]
 [ 7.88189608e-04  1.28135153e-04  9.38873836e-01]]","[[ 2.62592970e+02 -8.57309104e+01  2.71742890e+01]
 [-3.70208949e+02 -1.43481529e+02  3.09888975e+02]
 [-1.69923011e-01  9.15535582e-02  1.00000000e+00]]",8
394,425373.083173,"[[ 8.24104866e-04 -1.05624262e-03  4.80166768e-01]
 [-1.17502378e-03 -2.02344114e-03  2.14204080e-01]
 [-5.44173756e-04 -4.85789952e-04  9.84270269e-01]]","[[ 6.48948009e+02 -2.77232179e+02 -2.56249743e+02]
 [-3.57547681e+02 -3.68707316e+02  2.54666969e+02]
 [ 1.82315173e-01 -3.35250181e-01  1.00000000e+00]]",2,"[[ 1.95913717e-03 -1.04818372e-03  2.62330732e-01]
 [-3.28640916e-03 -3.86956926e-03  1.22807173e+00]
 [-1.55794476e-04 -2.47261007e-04  1.07713452e+00]]","[[ 3.50487062e+02 -9.65166137e+01  2.46819652e+01]
 [-3.03704474e+02 -1.95099524e+02  2.96404228e+02]
 [-1.90229963e-02 -5.87459215e-02  1.00000000e+00]]",8
395,425373.14188999997,"[[ 8.51124908e-04 -1.02700141e-03  4.56087341e-01]
 [-1.15338085e-03 -2.06057735e-03  2.23471070e-01]
 [-5.36097496e-04 -4.99375788e-04  9.92133618e-01]]","[[ 6.57778534e+02 -2.69256002e+02 -2.41735116e+02]
 [-3.48669064e+02 -3.70596904e+02  2.43758732e+02]
 [ 1.79931950e-01 -3.32026436e-01  1.00000000e+00]]",2,"[[ 1.98225962e-03 -9.89264076e-04  2.24414467e-01]
 [-3.19151755e-03 -3.92094029e-03  1.22653117e+00]
 [-1.35855645e-04 -2.51775474e-04  1.07665170e+00]]","[[ 3.57989809e+02 -9.22808771e+01  3.05087338e+01]
 [-2.99144435e+02 -1.98058124e+02  2.87982456e+02]
 [-2.47826624e-02 -5.79603003e-02  1.00000000e+00]]",8
396,425373.200588,"[[ 8.51264494e-04 -9.99332819e-04  4.51107065e-01]
 [-1.11974610e-03 -2.07568391e-03  2.23927396e-01]
 [-5.35722870e-04 -4.99947933e-04  9.88251039e-01]]","[[ 6.71994092e+02 -2.64058740e+02 -2.46912259e+02]
 [-3.41872000e+02 -3.75241948e+02  2.41080270e+02]
 [ 1.91332360e-01 -3.32975863e-01  1.00000000e+00]]",2,"[[ 1.99408809e-03 -9.49446958e-04  2.14404453e-01]
 [-3.13498190e-03 -3.94561678e-03  1.22105849e+00]
 [-1.42769041e-04 -2.57712767e-04  1.07796341e+00]]","[[ 3.63187066e+02 -8.92823706e+01  2.88971517e+01]
 [-2.95550194e+02 -2.01040447e+02  2.86511971e+02]
 [-2.25565998e-02 -5.98883484e-02  1.00000000e+00]]",8
397,425373.259965,"[[ 8.22794329e-04 -9.96857573e-04  4.59057301e-01]
 [-1.10317320e-03 -2.04880718e-03  1.91860596e-01]
 [-5.43238162e-04 -5.08916253e-04  9.75241317e-01]]","[[ 6.82273261e+02 -2.65147120e+02 -2.68991103e+02]
 [-3.48824382e+02 -3.77604751e+02  2.38482361e+02]
 [ 1.98017118e-01 -3.44742602e-01  1.00000000e+00]]",2,"[[ 1.97658372e-03 -9.56630474e-04  2.31544789e-01]
 [-3.19617440e-03 -3.97330048e-03  1.20527289e+00]
 [-1.75869882e-04 -2.85241250e-04  1.08538171e+00]]","[[ 3.63734845e+02 -8.91075523e+01  2.13547075e+01]
 [-2.98511827e+02 -2.00352466e+02  2.86164997e+02]
 [-1.95119211e-02 -6.70917170e-02  1.00000000e+00]]",8
398,425373.316421,"[[ 8.12775433e-04 -9.83106381e-04  4.65371333e-01]
 [-1.10680603e-03 -2.02999059e-03  1.69030738e-01]
 [-5.34548866e-04 -4.90783502e-04  9.64959272e-01]]","[[ 6.85126761e+02 -2.63057690e+02 -2.84336891e+02]
 [-3.57069107e+02 -3.77299441e+02  2.38294958e+02]
 [ 1.97925562e-01 -3.37619981e-01  1.00000000e+00]]",2,"[[ 1.98304350e-03 -9.36755007e-04  2.37296002e-01]
 [-3.26502846e-03 -3.98452940e-03  1.19619735e+00]
 [-1.66873333e-04 -2.57697012e-04  1.07665602e+00]]","[[ 3.63293916e+02 -8.64425295e+01  1.59699389e+01]
 [-3.02526549e+02 -1.98416858e+02  2.87124257e+02]
 [-1.61018197e-02 -6.08888848e-02  1.00000000e+00]]",8
419,425374.394688,"[[ 7.55716087e-04 -1.08734439e-03  5.15281586e-01]
 [-1.24393007e-03 -1.88227116e-03  1.91327103e-01]
 [-5.55306532e-04 -4.71256735e-04  9.80950007e-01]]","[[ 6.32872982e+02 -2.96860472e+02 -2.74540331e+02]
 [-4.01430906e+02 -3.70249737e+02  2.83081464e+02]
 [ 1.65412591e-01 -3.45921035e-01  1.00000000e+00]]",2,"[[ 1.86648393e-03 -1.12894462e-03  3.26412995e-01]
 [-3.47238114e-03 -3.67051029e-03  1.21860734e+00]
 [-1.63864497e-04 -2.46306275e-04  1.08063317e+00]]","[[ 3.40386147e+02 -1.05799792e+02  1.64921284e+01]
 [-3.29835596e+02 -1.92225200e+02  3.16397529e+02]
 [-2.35633821e-02 -5.98566697e-02  1.00000000e+00]]",8
420,425374.455183,"[[ 9.60243445e-04 -1.17474351e-03  4.85552112e-01]
 [-1.25283023e-03 -2.01625994e-03  2.10024427e-01]
 [-4.87535265e-04 -5.18803527e-04  1.01854994e+00]]","[[ 5.70652295e+02 -2.77191636e+02 -2.14878430e+02]
 [-3.44403150e+02 -3.56464649e+02  2.37682955e+02]
 [ 9.77227967e-02 -3.14246559e-01  1.00000000e+00]]",1,"[[ 1.83651518e-03 -9.98399561e-04  2.90587322e-01]
 [-2.72315554e-03 -3.91909543e-03  1.01007706e+00]
 [-1.19691243e-04 -1.75556551e-04  1.04527672e+00]]","[[ 3.95230403e+02 -1.00096988e+02 -1.31479754e+01]
 [-2.74856594e+02 -1.97094899e+02  2.66867971e+02]
 [-9.06226415e-04 -4.45643078e-02  1.00000000e+00]]",8
421,425374.516229,"[[ 8.04225342e-04 -1.07832751e-03  4.82928586e-01]
 [-1.23916091e-03 -1.97195792e-03  2.55967882e-01]
 [-5.58152099e-04 -5.03147177e-04  1.00930671e+00]]","[[ 6.37044661e+02 -2.89303342e+02 -2.31440763e+02]
 [-3.79116693e+02 -3.70025084e+02  2.75239255e+02]
 [ 1.63296568e-01 -3.44446680e-01  1.00000000e+00]]",2,"[[ 1.87287351e-03 -1.08297823e-03  2.74806006e-01]
 [-3.26855258e-03 -3.70911342e-03  1.24930629e+00]
 [-1.59021749e-04 -2.65561236e-04  1.08706010e+00]]","[[ 3.52860526e+02 -1.05305640e+02  3.18205105e+01]
 [-3.19883213e+02 -1.98315151e+02  3.08779795e+02]
 [-2.65266691e-02 -6.38517630e-02  1.00000000e+00]]",8
422,425374.575558,"[[ 8.18908935e-04 -1.08014558e-03  4.76159345e-01]
 [-1.25252565e-03 -2.01192289e-03  2.89523227e-01]
 [-5.62109698e-04 -5.05518989e-04  1.01954205e+00]]","[[ 6.34856120e+02 -2.86801745e+02 -2.15054306e+02]
 [-3.71358721e+02 -3.67461736e+02  2.77786123e+02]
 [ 1.65888103e-01 -3.40322332e-01  1.00000000e+00]]",2,"[[ 1.87146101e-03 -1.07865767e-03  2.63559586e-01]
 [-3.22124096e-03 -3.71771095e-03  1.27261438e+00]
 [-1.59333298e-04 -2.64014013e-04  1.08776046e+00]]","[[ 3.55438216e+02 -1.05801384e+02  3.76601423e+01]
 [-3.16441311e+02 -1.99162364e+02  3.09680339e+02]
 [-2.47405544e-02 -6.38369757e-02  1.00000000e+00]]",8
423,425374.63257,"[[ 8.65417291e-04 -1.12648934e-03  4.87875825e-01]
 [-1.37940038e-03 -2.18372138e-03  3.50697047e-01]
 [-5.03744426e-04 -4.83726635e-04  1.03910694e+00]]","[[ 6.09656012e+02 -2.71377190e+02 -1.94652969e+02]
 [-3.64921204e+02 -3.32497748e+02  2.83553310e+02]
 [ 1.25673987e-01 -2.86344698e-01  1.00000000e+00]]",3,"[[ 1.99205962e-03 -1.06376962e-03  2.36213063e-01]
 [-3.88769880e-03 -4.38040958e-03  1.58762677e+00]
 [-1.17030689e-04 -3.15407726e-04  1.10603046e+00]]","[[ 3.37757261e+02 -8.56855786e+01  5.08612042e+01]
 [-3.19874300e+02 -1.73455372e+02  3.17297663e+02]
 [-5.54802632e-02 -5.85309439e-02  1.00000000e+00]]",8
424,425374.687744,"[[ 8.70601126e-04 -1.10628686e-03  4.76121688e-01]
 [-1.36136588e-03 -2.17583581e-03  3.60726524e-01]
 [-5.16631188e-04 -4.75932279e-04  1.03791193e+00]]","[[ 6.13656481e+02 -2.71039055e+02 -1.87303160e+02]
 [-3.60732468e+02 -3.38079273e+02  2.82978454e+02]
 [ 1.40040641e-01 -2.89937961e-01  1.00000000e+00]]",3,"[[ 1.99208705e-03 -1.05798976e-03  2.28085694e-01]
 [-3.79986280e-03 -4.32701148e-03  1.57352730e+00]
 [-1.01621773e-04 -2.91263697e-04  1.09765164e+00]]","[[ 3.39496841e+02 -8.66195536e+01  5.36270866e+01]
 [-3.17327625e+02 -1.74825648e+02  3.16558376e+02]
 [-5.27724315e-02 -5.44096095e-02  1.00000000e+00]]",8
425,425374.745395,"[[ 8.77923034e-04 -1.10675380e-03  4.71738125e-01]
 [-1.37311729e-03 -2.20646651e-03  3.85053109e-01]
 [-5.21287641e-04 -4.78727085e-04  1.04382220e+00]]","[[ 6.12941710e+02 -2.68866447e+02 -1.77827327e+02]
 [-3.56561883e+02 -3.36236768e+02  2.85175816e+02]
 [ 1.42575151e-01 -2.88480551e-01  1.00000000e+00]]",3,"[[ 1.98649572e-03 -1.05884104e-03  2.22954931e-01]
 [-3.77182554e-03 -4.33815120e-03  1.59333953e+00]
 [-1.01248690e-04 -2.89549161e-04  1.09775636e+00]]","[[ 3.41029133e+02 -8.70471076e+01  5.70814009e+01]
 [-3.15523724e+02 -1.74702872e+02  3.17655697e+02]
 [-5.17700274e-02 -5.41089788e-02  1.00000000e+00]]",8
426,425374.802462,"[[ 8.66887751e-04 -1.11318670e-03  4.89107105e-01]
 [-1.40622672e-03 -2.20836184e-03  4.00490739e-01]
 [-5.32042965e-04 -4.83462073e-04  1.04681149e+00]]","[[ 6.08690068e+02 -2.66921463e+02 -1.82282163e+02]
 [-3.61796060e+02 -3.35564065e+02  2.97424441e+02]
 [ 1.42274513e-01 -2.90640852e-01  1.00000000e+00]]",3,"[[ 1.99227687e-03 -1.07318564e-03  2.41107560e-01]
 [-3.85237954e-03 -4.32115540e-03  1.62205895e+00]
 [-1.18152780e-04 -3.09408527e-04  1.10749606e+00]]","[[ 3.36160836e+02 -8.74147154e+01  5.48452538e+01]
 [-3.19764765e+02 -1.75381100e+02  3.26480786e+02]
 [-5.34716194e-02 -5.83231867e-02  1.00000000e+00]]",8
427,425374.85981399997,"[[ 8.54590190e-04 -1.11922693e-03  5.07292639e-01]
 [-1.43667001e-03 -2.20199769e-03  4.05650981e-01]
 [-5.30401074e-04 -4.74035993e-04  1.04531451e+00]]","[[ 6.04478160e+02 -2.66341449e+02 -1.89996072e+02]
 [-3.68682173e+02 -3.33083733e+02  3.08180451e+02]
 [ 1.39524750e-01 -2.86192784e-01  1.00000000e+00]]",3,"[[ 2.00005720e-03 -1.07758298e-03  2.57257781e-01]
 [-3.94691609e-03 -4.30848946e-03  1.64388515e+00]
 [-1.16807676e-04 -3.00801568e-04  1.10659132e+00]]","[[ 3.32022995e+02 -8.66378919e+01  5.15160786e+01]
 [-3.24435860e+02 -1.74299437e+02  3.34352800e+02]
 [-5.31433601e-02 -5.65244943e-02  1.00000000e+00]]",8
509,425379.281592,"[[ 9.83967940e-04 -1.14244315e-03  4.57140930e-01]
 [-1.48484242e-03 -2.27026220e-03  5.81366355e-01]
 [-3.98225242e-04 -6.27629511e-04  1.16188920e+00]]","[[ 5.78317328e+02 -2.64738106e+02 -9.50716246e+01]
 [-3.80057645e+02 -3.37209887e+02  3.18259598e+02]
 [-7.08745396e-03 -2.72890284e-01  1.00000000e+00]]",1,"[[ 2.06671743e-03 -1.16629903e-03  2.09853960e-01]
 [-3.77996464e-03 -3.29880273e-03  1.45666885e+00]
 [-8.99379606e-05 -3.38197820e-04  1.12265526e+00]]","[[ 2.86005792e+02 -1.10310944e+02  8.96687273e+01]
 [-3.66336300e+02 -2.08358311e+02  3.38827241e+02]
 [-8.74456871e-02 -7.16047667e-02  1.00000000e+00]]",8
510,425379.335477,"[[ 1.07460628e-03 -1.11099516e-03  3.80198551e-01]
 [-1.37484594e-03 -2.41614109e-03  6.66978276e-01]
 [-4.45072908e-04 -3.80880986e-04  1.09530849e+00]]","[[ 5.80133103e+02 -2.59968878e+02 -4.30674754e+01]
 [-2.93179231e+02 -3.26452768e+02  3.00557539e+02]
 [ 1.33784349e-01 -2.19157214e-01  1.00000000e+00]]",4,"[[ 1.99260916e-03 -1.01240241e-03  1.00573856e-01]
 [-2.97306185e-03 -4.02931337e-03  1.63940393e+00]
 [-6.41419049e-05 -2.40923043e-04  1.08511136e+00]]","[[ 3.60300949e+02 -9.73240369e+01  1.13644145e+02]
 [-2.82725827e+02 -1.96457715e+02  3.23016042e+02]
 [-4.14748007e-02 -4.93716512e-02  1.00000000e+00]]",8
511,425379.385946,"[[ 1.12134066e-03 -1.09624289e-03  3.28149921e-01]
 [-1.36906401e-03 -2.49140091e-03  7.14265640e-01]
 [-4.50326893e-04 -4.15177676e-04  1.11724110e+00]]","[[ 5.79095960e+02 -2.53467928e+02 -8.04379772e+00]
 [-2.81269410e+02 -3.26131312e+02  2.91112567e+02]
 [ 1.28894027e-01 -2.23359009e-01  1.00000000e+00]]",4,"[[ 1.96387901e-03 -9.74483871e-04  4.91236328e-02]
 [-2.81128528e-03 -4.04329975e-03  1.63820904e+00]
 [-7.79598789e-05 -2.36565924e-04  1.08452461e+00]]","[[ 3.74295396e+02 -9.78670985e+01  1.30877636e+02]
 [-2.73517334e+02 -1.99783152e+02  3.14167821e+02]
 [-3.27561559e-02 -5.06135064e-02  1.00000000e+00]]",8
512,425379.44213599997,"[[ 1.13653258e-03 -1.09170881e-03  3.09001190e-01]
 [-1.37061676e-03 -2.51953207e-03  7.27647566e-01]
 [-4.52222410e-04 -4.31265847e-04  1.12534140e+00]]","[[ 5.78351842e+02 -2.51220751e+02  3.63335150e+00]
 [-2.78301942e+02 -3.25407103e+02  2.86826130e+02]
 [ 1.25758762e-01 -2.25660074e-01  1.00000000e+00]]",4,"[[ 1.95164955e-03 -9.61408574e-04  3.10778870e-02]
 [-2.77037363e-03 -4.06179792e-03  1.63954536e+00]
 [-8.96475429e-05 -2.44848153e-04  1.08824212e+00]]","[[ 3.79464288e+02 -9.80708710e+01  1.36916859e+02]
 [-2.70790881e+02 -2.00804471e+02  3.10265190e+02]
 [-2.96667491e-02 -5.32587514e-02  1.00000000e+00]]",8
513,425379.501782,"[[ 1.15176094e-03 -1.07798570e-03  2.86413022e-01]
 [-1.37287690e-03 -2.54570997e-03  7.39767242e-01]
 [-4.52953128e-04 -4.40695675e-04  1.13139785e+00]]","[[ 5.78921983e+02 -2.47826827e+02  1.54882508e+01]
 [-2.76108925e+02 -3.24758490e+02  2.82241021e+02]
 [ 1.24222009e-01 -2.25715117e-01  1.00000000e+00]]",4,"[[ 1.94080740e-03 -9.39939966e-04  9.78740235e-03]
 [-2.73053065e-03 -4.07733417e-03  1.63894391e+00]
 [-9.81982969e-05 -2.47613145e-04  1.08984860e+00]]","[[ 3.85296629e+02 -9.75174510e+01  1.43189227e+02]
 [-2.68603282e+02 -2.01925246e+02  3.06072861e+02]
 [-2.63102881e-02 -5.46639163e-02  1.00000000e+00]]",8
514,425379.560169,"[[ 1.15838517e-03 -1.08716343e-03  2.81622074e-01]
 [-1.38392594e-03 -2.54725475e-03  7.44609334e-01]
 [-4.51006844e-04 -4.44110748e-04  1.13415942e+00]]","[[ 5.74221568e+02 -2.48682749e+02  2.06831829e+01]
 [-2.76924334e+02 -3.23394886e+02  2.81081168e+02]
 [ 1.19906233e-01 -2.25524526e-01  1.00000000e+00]]",4,"[[ 1.93435544e-03 -9.47184626e-04  6.51864039e-03]
 [-2.73165800e-03 -4.07255010e-03  1.64032457e+00]
 [-9.89546393e-05 -2.42482390e-04  1.08837195e+00]]","[[ 3.85536933e+02 -9.83558883e+01  1.45926586e+02]
 [-2.68581325e+02 -2.01234047e+02  3.04895707e+02]
 [-2.47852525e-02 -5.37761782e-02  1.00000000e+00]]",8
515,425379.619334,"[[ 1.16537325e-03 -1.09059428e-03  2.74987703e-01]
 [-1.38875248e-03 -2.55432197e-03  7.52524229e-01]
 [-4.53434737e-04 -4.50337640e-04  1.13816704e+00]]","[[ 5.71850642e+02 -2.48801049e+02  2.63378939e+01]
 [-2.75958089e+02 -3.23086211e+02  2.80288633e+02]
 [ 1.18631647e-01 -2.26955193e-01  1.00000000e+00]]",4,"[[ 1.92998607e-03 -9.50358610e-04  1.49522082e-03]
 [-2.71762316e-03 -4.06677393e-03  1.64091023e+00]
 [-1.03218548e-04 -2.44010566e-04  1.08954519e+00]]","[[ 3.86379866e+02 -9.92273856e+01  1.48911224e+02]
 [-2.67611743e+02 -2.01596569e+02  3.03981892e+02]
 [-2.33294811e-02 -5.45491825e-02  1.00000000e+00]]",8
516,425379.677651,"[[ 1.18531949e-03 -1.08842713e-03  2.54311953e-01]
 [-1.39164893e-03 -2.58453481e-03  7.78003334e-01]
 [-4.51210001e-04 -4.58961648e-04  1.14660606e+00]]","[[ 5.69299085e+02 -2.47100553e+02  4.13965121e+01]
 [-2.71859696e+02 -3.21925659e+02  2.78732528e+02]
 [ 1.15209810e-01 -2.26098379e-01  1.00000000e+00]]",4,"[[ 1.91797722e-03 -9.42125642e-04 -1.65577212e-02]
 [-2.65681018e-03 -4.05943914e-03  1.64278811e+00]
 [-1.02464062e-04 -2.32016460e-04  1.08614183e+00]]","[[ 3.91484901e+02 -9.98277434e+01  1.56957335e+02]
 [-2.64103052e+02 -2.02304078e+02  3.01958527e+02]
 [-1.94846760e-02 -5.26327503e-02  1.00000000e+00]]",8
517,425379.732928,"[[ 1.18690651e-03 -1.08063070e-03  2.43751391e-01]
 [-1.39793175e-03 -2.59710264e-03  7.83571247e-01]
 [-4.56930762e-04 -4.71948946e-04  1.15183168e+00]]","[[ 5.70765232e+02 -2.45945055e+02  4.65264634e+01]
 [-2.72610280e+02 -3.21889961e+02  2.76666165e+02]
 [ 1.14723410e-01 -2.29456694e-01  1.00000000e+00]]",4,"[[ 1.90425804e-03 -9.30714536e-04 -2.51206322e-02]
 [-2.65049437e-03 -4.07409994e-03  1.64597822e+00]
 [-1.18953296e-04 -2.46503913e-04  1.09297064e+00]]","[[ 3.95807828e+02 -1.00091626e+02  1.59831905e+02]
 [-2.64168247e+02 -2.03257872e+02  3.00028148e+02]
 [-1.65016882e-02 -5.67353663e-02  1.00000000e+00]]",8
518,425379.786294,"[[ 1.17683772e-03 -1.07610447e-03  2.48201736e-01]
 [-1.40598978e-03 -2.58499699e-03  7.78980919e-01]
 [-4.57967789e-04 -4.67581103e-04  1.14969653e+00]]","[[ 5.72483016e+02 -2.46127578e+02  4.31743568e+01]
 [-2.76549270e+02 -3.21984190e+02  2.77864236e+02]
 [ 1.15569252e-01 -2.28992798e-01  1.00000000e+00]]",4,"[[ 1.89806064e-03 -9.27429511e-04 -2.05463366e-02]
 [-2.67792995e-03 -4.07321669e-03  1.64968383e+00]
 [-1.23242380e-04 -2.50718308e-04  1.09497245e+00]]","[[ 3.96136265e+02 -9.99197981e+01  1.57972216e+02]
 [-2.67156245e+02 -2.03214083e+02  3.01149042e+02]
 [-1.65850618e-02 -5.77766543e-02  1.00000000e+00]]",8
519,425379.842029,"[[ 1.10595441e-03 -1.06704625e-03  3.19896370e-01]
 [-1.44144010e-03 -2.36739647e-03  6.79121311e-01]
 [-3.15046189e-04 -4.41106663e-04  1.12617248e+00]]","[[ 5.69382095e+02 -2.55170622e+02 -7.85977113e+00]
 [-3.39087704e+02 -3.23911274e+02  2.91649797e+02]
 [ 2.64682492e-02 -1.98255558e-01  1.00000000e+00]]",2,"[[ 1.97534279e-03 -9.86962791e-04  5.18296403e-02]
 [-3.35555410e-03 -3.38015994e-03  1.50114656e+00]
 [ 1.13353419e-04  6.20929268e-05  9.65660988e-01]]","[[ 3.36106975e+02 -9.57363728e+01  1.30785052e+02]
 [-3.41431810e+02 -1.90377213e+02  3.14272182e+02]
 [-1.74992824e-02  2.34793823e-02  1.00000000e+00]]",8
525,425380.105593,"[[ 8.58382015e-04 -1.83087184e-03  1.06431394e+00]
 [-1.54269855e-03 -2.07889371e-03  5.52638215e-02]
 [-4.84703685e-04 -8.92764981e-04  1.10518293e+00]]","[[ 4.87792516e+02 -2.32864717e+02 -4.58110022e+02]
 [-3.64111320e+02 -3.17760060e+02  3.66536050e+02]
 [-8.01957788e-02 -3.58814299e-01  1.00000000e+00]]",1,"[[ 2.58682667e-03 -2.19107405e-03  1.02267285e+00]
 [-4.97861005e-03 -4.51276260e-03  1.34430181e+00]
 [-1.57714967e-05 -9.96865306e-04  1.37710043e+00]]","[[ 2.15852809e+02 -8.84705025e+01 -7.39348773e+01]
 [-3.02664617e+02 -1.58463002e+02  3.79455974e+02]
 [-2.16622933e-01 -1.15722555e-01  1.00000000e+00]]",8
526,425380.158893,"[[ 8.79496654e-04 -1.52377687e-03  1.03958147e+00]
 [-1.52282632e-03 -2.00882692e-03  4.29301124e-02]
 [-3.85466719e-04 -5.91043069e-04  1.04360629e+00]]","[[ 5.06715795e+02 -2.38741615e+02 -4.94940621e+02]
 [-3.84782107e+02 -3.22609850e+02  3.96569117e+02]
 [-3.07594181e-02 -2.70890724e-01  1.00000000e+00]]",1,"[[ 2.78767668e-03 -1.67682909e-03  9.18148985e-01]
 [-4.99475758e-03 -4.36666817e-03  1.31363775e+00]
 [ 2.84390692e-04 -4.65004020e-04  1.21165215e+00]]","[[ 2.27758776e+02 -7.80987883e+01 -8.79154735e+01]
 [-3.12703340e+02 -1.51671646e+02  4.01393960e+02]
 [-1.73466276e-01 -3.98772508e-02  1.00000000e+00]]",8
528,425380.271915,"[[ 6.63061711e-04 -1.24403872e-03  9.02936945e-01]
 [-1.25833977e-03 -1.82383104e-03  6.67363402e-02]
 [-4.82242622e-04 -4.38719754e-04  9.14862262e-01]]","[[ 5.90786182e+02 -2.67408439e+02 -5.63578619e+02]
 [-4.03290436e+02 -3.75547384e+02  4.25428513e+02]
 [ 1.18018636e-01 -3.21049206e-01  1.00000000e+00]]",1,"[[ 2.27605374e-03 -1.40759740e-03  8.46568428e-01]
 [-4.27571533e-03 -3.98622587e-03  1.18710439e+00]
 [-6.36082141e-05 -3.44340572e-04  1.13705977e+00]]","[[ 2.73256458e+02 -8.67393916e+01 -1.12889033e+02]
 [-3.17150837e+02 -1.75057754e+02  4.18888896e+02]
 [-8.07578874e-02 -5.78657574e-02  1.00000000e+00]]",8
529,425380.32461999997,"[[ 2.49876923e-04 -6.48165168e-04  5.90307458e-01]
 [-8.48677766e-04 -1.26134307e-03  5.51810218e-02]
 [-5.51525120e-04 -8.78986611e-05  6.00490565e-01]]","[[ 8.69762718e+02 -3.89857749e+02 -8.19188009e+02]
 [-5.53807083e+02 -5.49679851e+02  5.94927495e+02]
 [ 7.17774952e-01 -4.38528897e-01  1.00000000e+00]]",1,"[[ 1.17737725e-03 -7.37146779e-04  6.32206795e-01]
 [-3.06998569e-03 -2.92039929e-03  8.71539070e-01]
 [-5.71257839e-04  5.33086593e-05  8.51638940e-01]]","[[ 4.44376432e+02 -1.16020654e+02 -2.11147305e+02]
 [-3.71247472e+02 -2.39212020e+02  5.20394002e+02]
 [ 3.21314835e-01 -6.28501509e-02  1.00000000e+00]]",8
530,425380.375044,"[[ 6.18765331e-04 -9.60111863e-04  8.03251736e-01]
 [-1.13689948e-03 -1.72545974e-03  1.03171387e-01]
 [-4.54933005e-04 -2.23764855e-04  8.30107474e-01]]","[[ 6.52661822e+02 -2.85872080e+02 -5.96016707e+02]
 [-4.15343862e+02 -4.07125451e+02  4.52506920e+02]
 [ 2.45724863e-01 -2.66414915e-01  1.00000000e+00]]",1,"[[ 2.17330441e-03 -9.86842373e-04  7.09216263e-01]
 [-3.82467612e-03 -3.72577914e-03  1.13130716e+00]
 [-1.18649279e-05 -1.54394268e-06  9.99147429e-01]]","[[ 3.13424855e+02 -8.29631762e+01 -1.28538758e+02]
 [-3.20764760e+02 -1.83620190e+02  4.35593795e+02]
 [ 3.22627154e-03 -1.26893301e-03  1.00000000e+00]]",8
536,425380.6509,"[[ 8.64488259e-04 -9.95753475e-04  4.66337798e-01]
 [-1.09303969e-03 -2.19565300e-03  4.27980860e-01]
 [-5.46478959e-04 -5.01392926e-04  1.03831264e+00]]","[[ 6.91504368e+02 -2.67899251e+02 -2.00150575e+02]
 [-3.01701013e+02 -3.85885605e+02  2.94560835e+02]
 [ 2.18259727e-01 -3.27340343e-01  1.00000000e+00]]",2,"[[ 1.93643398e-03 -9.74049806e-04  2.30160484e-01]
 [-2.72099866e-03 -3.74557101e-03  1.31922665e+00]
 [-1.40964742e-04 -2.85232983e-04  1.09763296e+00]]","[[ 3.77139210e+02 -1.01328416e+02  4.27033496e+01]
 [-2.82800077e+02 -2.17897867e+02  3.21187582e+02]
 [-2.50544389e-02 -6.96365683e-02  1.00000000e+00]]",8
537,425380.706376,"[[ 9.32077383e-04 -9.99345960e-04  4.29983653e-01]
 [-1.13346278e-03 -2.35226781e-03  4.40529738e-01]
 [-4.91031336e-04 -5.25226154e-04  1.05749008e+00]]","[[ 6.78488674e+02 -2.49896400e+02 -1.71776783e+02]
 [-2.95412816e+02 -3.59915760e+02  2.70051023e+02]
 [ 1.68323719e-01 -2.94796273e-01  1.00000000e+00]]",3,"[[ 2.06733950e-03 -9.05140386e-04  1.53112352e-01]
 [-3.10863672e-03 -4.40377056e-03  1.53760784e+00]
 [-4.75336447e-05 -3.57581668e-04  1.11251771e+00]]","[[ 3.64953029e+02 -7.98999162e+01  6.02021164e+01]
 [-2.84055238e+02 -1.93594603e+02  3.06660237e+02]
 [-7.57070180e-02 -6.56383397e-02  1.00000000e+00]]",8
538,425380.763721,"[[ 9.35771637e-04 -9.81752501e-04  4.17194266e-01]
 [-1.13613775e-03 -2.34163482e-03  4.42512672e-01]
 [-4.95081570e-04 -5.28221737e-04  1.06064536e+00]]","[[ 6.80418266e+02 -2.48264031e+02 -1.64057305e+02]
 [-2.98175461e+02 -3.62623836e+02  2.68574913e+02]
 [ 1.69104387e-01 -2.96476797e-01  1.00000000e+00]]",3,"[[ 2.05195294e-03 -8.75343297e-04  1.37398368e-01]
 [-3.07881990e-03 -4.37569455e-03  1.53013094e+00]
 [-5.82139647e-05 -3.53814557e-04  1.11166393e+00]]","[[ 3.70311302e+02 -7.91925928e+01  6.32339197e+01]
 [-2.85558613e+02 -1.96087960e+02  3.05196141e+02]
 [-7.14941834e-02 -6.65568859e-02  1.00000000e+00]]",8
539,425380.81841999997,"[[ 9.31001820e-04 -9.90686386e-04  4.24418847e-01]
 [-1.14994437e-03 -2.34415511e-03  4.52736132e-01]
 [-5.00335945e-04 -5.39784151e-04  1.06550619e+00]]","[[ 6.78377943e+02 -2.48818714e+02 -1.64491923e+02]
 [-3.00679968e+02 -3.62573219e+02  2.73826886e+02]
 [ 1.66225771e-01 -3.00518407e-01  1.00000000e+00]]",3,"[[ 2.04797581e-03 -8.89579575e-04  1.46245178e-01]
 [-3.10220918e-03 -4.37024334e-03  1.54483817e+00]
 [-6.57044313e-05 -3.71662203e-04  1.11894123e+00]]","[[ 3.68570097e+02 -8.03627975e+01  6.27789160e+01]
 [-2.87766046e+02 -1.96516650e+02  3.08926697e+02]
 [-7.39404998e-02 -6.99929548e-02  1.00000000e+00]]",8
540,425380.870789,"[[ 9.11856885e-04 -9.98805052e-04  4.41109600e-01]
 [-1.17540055e-03 -2.33551199e-03  4.52467902e-01]
 [-5.02075266e-04 -5.27466504e-04  1.06076962e+00]]","[[ 6.77668457e+02 -2.50278282e+02 -1.75045711e+02]
 [-3.08645486e+02 -3.59826487e+02  2.81829735e+02]
 [ 1.67275166e-01 -2.97383095e-01  1.00000000e+00]]",3,"[[ 2.04689514e-03 -9.09936890e-04  1.67316336e-01]
 [-3.20014891e-03 -4.38088106e-03  1.56704797e+00]
 [-6.26721416e-05 -3.66671535e-04  1.11919096e+00]]","[[ 3.64374140e+02 -8.05650229e+01  5.83309836e+01]
 [-2.93234034e+02 -1.93730611e+02  3.15091900e+02]
 [-7.56657882e-02 -6.79818601e-02  1.00000000e+00]]",8
541,425380.92248199997,"[[ 9.03637410e-04 -9.95357536e-04  4.49770035e-01]
 [-1.17993613e-03 -2.32333136e-03  4.43083073e-01]
 [-4.97585615e-04 -5.13470408e-04  1.05423918e+00]]","[[ 6.78649880e+02 -2.49976922e+02 -1.84470318e+02]
 [-3.12612116e+02 -3.59340965e+02  2.84396053e+02]
 [ 1.68054224e-01 -2.93003598e-01  1.00000000e+00]]",3,"[[ 2.05933601e-03 -9.07168878e-04  1.75349670e-01]
 [-3.25084544e-03 -4.38532647e-03  1.56926894e+00]
 [-5.11100417e-05 -3.51213091e-04  1.11424612e+00]]","[[ 3.61870768e+02 -7.92345681e+01  5.46436070e+01]
 [-2.95664294e+02 -1.92285761e+02  3.17338066e+02]
 [-7.65952327e-02 -6.42433995e-02  1.00000000e+00]]",8
542,425380.97410399996,"[[ 8.30313020e-04 -9.92084422e-04  4.60406809e-01]
 [-1.10236444e-03 -2.15118788e-03  3.68665308e-01]
 [-5.55231728e-04 -5.50383325e-04  1.03506387e+00]]","[[ 7.02726263e+02 -2.68584997e+02 -2.16916069e+02]
 [-3.25134944e+02 -3.87200600e+02  2.82535000e+02]
 [ 2.04071529e-01 -3.49964555e-01  1.00000000e+00]]",2,"[[ 1.90472990e-03 -9.62129453e-04  2.30684544e-01]
 [-2.84448633e-03 -3.81844502e-03  1.30085409e+00]
 [-1.57028852e-04 -3.42469816e-04  1.11303850e+00]]","[[ 3.80082149e+02 -9.90906565e+01  3.70368212e+01]
 [-2.95883068e+02 -2.15413562e+02  3.13086439e+02]
 [-3.74175344e-02 -8.02602377e-02  1.00000000e+00]]",8
543,425381.026872,"[[ 7.93809538e-04 -9.84963422e-04  4.78846136e-01]
 [-1.12194762e-03 -2.09408794e-03  3.41804495e-01]
 [-5.64240608e-04 -5.36038187e-04  1.02081148e+00]]","[[ 7.06244054e+02 -2.70573963e+02 -2.40689731e+02]
 [-3.44165071e+02 -3.90446061e+02  2.92177684e+02]
 [ 2.09642974e-01 -3.54583412e-01  1.00000000e+00]]",2,"[[ 1.87129475e-03 -9.62527267e-04  2.57686543e-01]
 [-2.95154547e-03 -3.76787380e-03  1.29075267e+00]
 [-1.96120088e-04 -3.36949631e-04  1.11356677e+00]]","[[ 3.80201900e+02 -9.95790880e+01  2.74425036e+01]
 [-3.06679992e+02 -2.15770732e+02  3.21070963e+02]
 [-2.58363315e-02 -8.28269401e-02  1.00000000e+00]]",8
598,425383.784818,"[[ 1.03246710e-03 -1.20051543e-03  4.14639286e-01]
 [-1.49463152e-03 -2.23447048e-03  5.84546749e-01]
 [-3.12791161e-04 -4.33614702e-04  1.11218891e+00]]","[[ 5.44134907e+02 -2.81713957e+02 -5.47971043e+01]
 [-3.60728343e+02 -3.11603590e+02  2.98257791e+02]
 [ 1.23931073e-02 -2.00715481e-01  1.00000000e+00]]",3,"[[ 1.96129171e-03 -1.17714754e-03  1.66413406e-01]
 [-3.51295720e-03 -3.32927965e-03  1.45733035e+00]
 [ 3.29834486e-04  4.71123209e-05  9.48870957e-01]]","[[ 3.02646774e+02 -1.05467015e+02  1.08903957e+02]
 [-3.57621760e+02 -1.69351248e+02  3.22819205e+02]
 [-8.74459814e-02  4.50695522e-02  1.00000000e+00]]",8
599,425383.838368,"[[ 1.07596561e-03 -1.19248755e-03  3.74035942e-01]
 [-1.47065492e-03 -2.37723182e-03  6.35075494e-01]
 [-4.36052878e-04 -3.96113411e-04  1.09998043e+00]]","[[ 5.48142207e+02 -2.69868221e+02 -3.05807193e+01]
 [-3.10970032e+02 -3.12332749e+02  2.86067674e+02]
 [ 1.05310589e-01 -2.19454818e-01  1.00000000e+00]]",4,"[[ 1.94037010e-03 -1.10252160e-03  1.10119438e-01]
 [-3.16332993e-03 -4.05500103e-03  1.64273574e+00]
 [-5.65575503e-05 -2.08131940e-04  1.07160232e+00]]","[[ 3.52544763e+02 -1.02021964e+02  1.20168735e+02]
 [-2.90328316e+02 -1.83652884e+02  3.11369190e+02]
 [-3.77822320e-02 -4.10545427e-02  1.00000000e+00]]",8
600,425383.894287,"[[ 1.12752365e-03 -1.16311176e-03  3.13410435e-01]
 [-1.44191772e-03 -2.45777839e-03  6.69508315e-01]
 [-4.41404933e-04 -4.42784917e-04  1.12096011e+00]]","[[ 5.52708949e+02 -2.61903339e+02  1.89276229e+00]
 [-2.96923229e+02 -3.15231731e+02  2.71293421e+02]
 [ 1.00356229e-01 -2.27648851e-01  1.00000000e+00]]",4,"[[ 1.92509462e-03 -1.04472962e-03  4.81292036e-02]
 [-2.97208675e-03 -4.10293108e-03  1.63058877e+00]
 [-8.47549505e-05 -2.37024166e-04  1.08229867e+00]]","[[ 3.68436106e+02 -1.01721801e+02  1.36869696e+02]
 [-2.79771796e+02 -1.89721054e+02  2.98274609e+02]
 [-3.24179392e-02 -4.95148908e-02  1.00000000e+00]]",8
601,425383.944873,"[[ 1.16372328e-03 -1.13255358e-03  2.63097400e-01]
 [-1.41275533e-03 -2.50920704e-03  6.84799531e-01]
 [-4.37893887e-04 -4.66164869e-04  1.13170235e+00]]","[[ 5.57615400e+02 -2.56428220e+02  2.55321225e+01]
 [-2.87375315e+02 -3.16854701e+02  2.58539403e+02]
 [ 9.73861188e-02 -2.29737864e-01  1.00000000e+00]]",4,"[[ 1.90906500e-03 -9.93224033e-04 -9.12127031e-04]
 [-2.82755779e-03 -4.13450768e-03  1.60982960e+00]
 [-9.62756909e-05 -2.38745022e-04  1.08292456e+00]]","[[ 3.82473783e+02 -1.00528923e+02  1.49764173e+02]
 [-2.71649768e+02 -1.93178219e+02  2.86941720e+02]
 [-2.58855541e-02 -5.15260543e-02  1.00000000e+00]]",8
602,425383.99978899996,"[[ 1.17710400e-03 -1.11815708e-03  2.45947035e-01]
 [-1.39510093e-03 -2.53003019e-03  6.91451664e-01]
 [-4.35867532e-04 -4.73846616e-04  1.13530635e+00]]","[[ 5.60751190e+02 -2.54053943e+02  3.32517558e+01]
 [-2.82607161e+02 -3.18104421e+02  2.54962218e+02]
 [ 9.73312538e-02 -2.30304860e-01  1.00000000e+00]]",4,"[[ 1.90684099e-03 -9.70887661e-04 -1.83380803e-02]
 [-2.76299791e-03 -4.14079625e-03  1.60020294e+00]
 [-9.66301874e-05 -2.36039441e-04  1.08184026e+00]]","[[ 3.87768362e+02 -9.97006926e+01  1.54045172e+02]
 [-2.67951136e+02 -1.94842814e+02  2.83659562e+02]
 [-2.38269068e-02 -5.14167272e-02  1.00000000e+00]]",8
603,425384.057632,"[[ 1.19879860e-03 -1.09552484e-03  2.18286832e-01]
 [-1.36069276e-03 -2.56557769e-03  6.99749849e-01]
 [-4.32234499e-04 -4.87747985e-04  1.14088183e+00]]","[[ 5.66263419e+02 -2.50399562e+02  4.52362432e+01]
 [-2.73731051e+02 -3.20181301e+02  2.48753808e+02]
 [ 9.75094997e-02 -2.31749780e-01  1.00000000e+00]]",4,"[[ 1.90422364e-03 -9.36385794e-04 -4.60343707e-02]
 [-2.65730059e-03 -4.16064792e-03  1.58419204e+00]
 [-1.03550651e-04 -2.44462817e-04  1.08462130e+00]]","[[ 3.96256507e+02 -9.86333200e+01  1.60881534e+02]
 [-2.61080046e+02 -1.97923565e+02  2.78005125e+02]
 [-2.10135500e-02 -5.40266881e-02  1.00000000e+00]]",8
604,425384.112162,"[[ 1.23315731e-03 -1.08308392e-03  1.79468657e-01]
 [-1.32212514e-03 -2.59867886e-03  7.07259746e-01]
 [-4.24602618e-04 -5.15525641e-04  1.15079612e+00]]","[[ 5.66355960e+02 -2.48867694e+02  6.46256596e+01]
 [-2.63383668e+02 -3.22505907e+02  2.39281792e+02]
 [ 9.09763136e-02 -2.36297232e-01  1.00000000e+00]]",4,"[[ 1.89692077e-03 -9.10006026e-04 -8.15835593e-02]
 [-2.52128596e-03 -4.16242776e-03  1.55471485e+00]
 [-1.08016140e-04 -2.48517022e-04  1.08550410e+00]]","[[ 4.05484386e+02 -9.89276021e+01  1.72164316e+02]
 [-2.52098754e+02 -2.01203778e+02  2.69227346e+02]
 [-1.73670216e-02 -5.59079799e-02  1.00000000e+00]]",8
605,425384.165369,"[[ 1.24988762e-03 -1.06429135e-03  1.53671610e-01]
 [-1.30164426e-03 -2.62474762e-03  7.16904244e-01]
 [-4.20746553e-04 -5.23161789e-04  1.15532565e+00]]","[[ 5.69524091e+02 -2.46295713e+02  7.70784913e+01]
 [-2.57650275e+02 -3.23337823e+02  2.34908478e+02]
 [ 9.07385022e-02 -2.36111841e-01  1.00000000e+00]]",4,"[[ 1.88625380e-03 -8.83424539e-04 -1.04550357e-01]
 [-2.43935882e-03 -4.16392929e-03  1.54071861e+00]
 [-1.10626478e-04 -2.39374047e-04  1.08325841e+00]]","[[ 4.13798941e+02 -9.81099432e+01  1.79479468e+02]
 [-2.46973534e+02 -2.02986335e+02  2.64870922e+02]
 [-1.23164841e-02 -5.48744579e-02  1.00000000e+00]]",8
606,425384.217904,"[[ 1.25442521e-03 -1.02811751e-03  1.27986435e-01]
 [-1.28184567e-03 -2.65262687e-03  7.18290140e-01]
 [-4.26012811e-04 -5.49562568e-04  1.16259329e+00]]","[[ 5.78889877e+02 -2.42162901e+02  8.58883098e+01]
 [-2.54932154e+02 -3.25678506e+02  2.29280111e+02]
 [ 9.16170219e-02 -2.42686086e-01  1.00000000e+00]]",4,"[[ 1.86928582e-03 -8.39536733e-04 -1.27670766e-01]
 [-2.37731590e-03 -4.19250719e-03  1.52857832e+00]
 [-1.31605769e-04 -2.70407496e-04  1.09457180e+00]]","[[ 4.24664881e+02 -9.69665458e+01  1.84947439e+02]
 [-2.44179060e+02 -2.06376356e+02  2.59725216e+02]
 [-9.26343971e-03 -6.26428259e-02  1.00000000e+00]]",8
607,425384.26923,"[[ 1.24262801e-03 -1.01731329e-03  1.32176059e-01]
 [-1.27394056e-03 -2.63887883e-03  7.03794076e-01]
 [-4.24555853e-04 -5.41619994e-04  1.15753959e+00]]","[[ 5.84335553e+02 -2.41739241e+02  8.02559808e+01]
 [-2.57005551e+02 -3.26658151e+02  2.27957691e+02]
 [ 9.40648038e-02 -2.41509144e-01  1.00000000e+00]]",4,"[[ 1.86481488e-03 -8.26879770e-04 -1.24864045e-01]
 [-2.38772111e-03 -4.20169962e-03  1.52271820e+00]
 [-1.31389388e-04 -2.68771795e-04  1.09352273e+00]]","[[ 4.26656154e+02 -9.55958846e+01  1.81833995e+02]
 [-2.45771628e+02 -2.06204194e+02  2.59073572e+02]
 [-9.14328553e-03 -6.21680323e-02  1.00000000e+00]]",8
608,425384.323823,"[[ 1.18189185e-03 -1.01040674e-03  2.12581891e-01]
 [-1.28268870e-03 -2.42069361e-03  5.94542916e-01]
 [-2.95104131e-04 -4.77493737e-04  1.11814858e+00]]","[[ 5.82820303e+02 -2.47358574e+02  2.07201852e+01]
 [-3.02808220e+02 -3.32993194e+02  2.34629184e+02]
 [ 2.45080579e-02 -2.07484682e-01  1.00000000e+00]]",2,"[[ 1.97090080e-03 -8.65125471e-04 -6.09158693e-02]
 [-3.07494091e-03 -3.55024404e-03  1.40985282e+00]
 [ 7.66256984e-05  7.64308903e-05  9.68097753e-01]]","[[ 3.67049495e+02 -8.62417586e+01  1.48690900e+02]
 [-3.19431524e+02 -1.98054821e+02  2.68330030e+02]
 [-3.83327833e-03  2.24624437e-02  1.00000000e+00]]",8
614,425384.576186,"[[ 1.14259794e-03 -1.63037249e-03  9.04072192e-01]
 [-1.42807172e-03 -2.24534761e-03  6.75794043e-02]
 [-3.11272533e-04 -7.89114072e-04  1.09852590e+00]]","[[ 4.93121005e+02 -2.20194178e+02 -3.92286059e+02]
 [-3.16263915e+02 -3.13985144e+02  2.79596811e+02]
 [-8.74565458e-02 -2.87940862e-01  1.00000000e+00]]",1,"[[ 2.96346940e-03 -1.64577062e-03  6.86737838e-01]
 [-4.38375227e-03 -4.81167180e-03  1.29615660e+00]
 [ 3.88861681e-04 -6.35235217e-04  1.22389096e+00]]","[[ 2.35895623e+02 -7.34847541e+01 -5.45397445e+01]
 [-2.73320747e+02 -1.56465221e+02  3.19066926e+02]
 [-2.16811579e-01 -5.78620283e-02  1.00000000e+00]]",8
615,425384.624123,"[[ 4.68682974e-04 -6.87922633e-04  6.10546844e-01]
 [-8.87321360e-04 -1.51231038e-03  3.85818869e-02]
 [-4.79531469e-04 -9.16812313e-05  7.12921157e-01]]","[[ 8.14598799e+02 -3.29334495e+02 -6.79800809e+02]
 [-4.65500108e+02 -4.75219231e+02  4.24372981e+02]
 [ 4.88059770e-01 -2.82632850e-01  1.00000000e+00]]",1,"[[ 1.67770457e-03 -5.79258843e-04  5.26335868e-01]
 [-3.09920308e-03 -3.48319952e-03  9.18826407e-01]
 [-1.81594993e-04  2.25156980e-04  8.75555115e-01]]","[[ 4.26312943e+02 -8.19059503e+01 -1.70322165e+02]
 [-3.33376355e+02 -2.04804107e+02  4.15333482e+02]
 [ 1.74150441e-01  3.56794942e-02  1.00000000e+00]]",8
616,425384.671833,"[[ 4.64344626e-04 -8.14150889e-04  6.40400677e-01]
 [-9.14187384e-04 -1.54011101e-03  3.98805947e-02]
 [-5.23448268e-04 -2.13796557e-04  7.46373692e-01]]","[[ 7.81793570e+02 -3.22554525e+02 -6.53556617e+02]
 [-4.53225269e+02 -4.67163088e+02  4.13836278e+02]
 [ 4.18463957e-01 -3.60032072e-01  1.00000000e+00]]",1,"[[ 1.61546094e-03 -8.00129122e-04  5.88109458e-01]
 [-3.15216832e-03 -3.51424848e-03  9.31869861e-01]
 [-3.16746193e-04 -1.30713006e-05  9.54318049e-01]]","[[ 4.07539799e+02 -9.21899202e+01 -1.61129722e+02]
 [-3.30883598e+02 -2.10743685e+02  4.09697230e+02]
 [ 1.30733775e-01 -3.34851681e-02  1.00000000e+00]]",8
617,425384.722495,"[[ 7.05183068e-04 -9.51310188e-04  7.29174041e-01]
 [-1.07572153e-03 -1.79669357e-03  5.40061370e-02]
 [-4.24033198e-04 -2.55155153e-04  8.58587360e-01]]","[[ 6.67515136e+02 -2.75386900e+02 -5.49579634e+02]
 [-3.93260145e+02 -3.99353010e+02  3.59104521e+02]
 [ 2.12798643e-01 -2.54685984e-01  1.00000000e+00]]",1,"[[ 2.20384446e-03 -8.39600809e-04  5.77455685e-01]
 [-3.56827872e-03 -3.98516863e-03  1.06438126e+00]
 [ 8.16667449e-05  6.10180623e-05  9.86933386e-01]]","[[ 3.39432118e+02 -7.33417994e+01 -1.19504894e+02]
 [-3.06366746e+02 -1.80656858e+02  3.74089070e+02]
 [-9.14591716e-03  1.72381618e-02  1.00000000e+00]]",8
618,425384.774157,"[[ 7.86152024e-04 -1.03451964e-03  7.66962693e-01]
 [-1.15102802e-03 -1.87540051e-03  6.37231572e-02]
 [-3.98289134e-04 -3.13463467e-04  9.04619268e-01]]","[[ 6.29072692e+02 -2.60939081e+02 -5.14965180e+02]
 [-3.81170573e+02 -3.81462977e+02  3.50038569e+02]
 [ 1.44889428e-01 -2.47069586e-01  1.00000000e+00]]",1,"[[ 2.35520944e-03 -9.14568162e-04  5.90842432e-01]
 [-3.71703104e-03 -4.09709241e-03  1.11056499e+00]
 [ 1.63026063e-04  4.16396687e-07  1.01740027e+00]]","[[ 3.19476503e+02 -7.13256730e+01 -1.07674906e+02]
 [-3.03683254e+02 -1.76248751e+02  3.68748325e+02]
 [-5.10679477e-02  1.15012089e-02  1.00000000e+00]]",8
619,425384.82555999997,"[[ 5.66496869e-04 -8.30493612e-04  6.80123430e-01]
 [-1.00321099e-03 -1.64962862e-03  8.17007552e-02]
 [-4.77985133e-04 -1.97094035e-04  7.96204659e-01]]","[[ 7.33926261e+02 -2.98242704e+02 -5.96321294e+02]
 [-4.29780228e+02 -4.39073151e+02  4.12175698e+02]
 [ 3.34208949e-01 -2.87732903e-01  1.00000000e+00]]",1,"[[ 1.85496721e-03 -7.51343499e-04  5.73450617e-01]
 [-3.27628561e-03 -3.61927368e-03  1.01054726e+00]
 [-1.28661163e-04  7.11836138e-05  9.52424232e-01]]","[[ 3.83533789e+02 -8.24411380e+01 -1.43451854e+02]
 [-3.25919801e+02 -2.00593615e+02  4.09070062e+02]
 [ 7.61698938e-02  3.85543081e-03  1.00000000e+00]]",8
620,425384.874961,"[[ 5.84255230e-04 -9.18796509e-04  7.10199449e-01]
 [-1.01974975e-03 -1.70886498e-03  1.03522498e-01]
 [-4.89273165e-04 -2.72438366e-04  8.27692486e-01]]","[[ 7.16256511e+02 -2.92967001e+02 -5.77939648e+02]
 [-4.09944477e+02 -4.29412095e+02  4.05459951e+02]
 [ 2.88465210e-01 -3.14524084e-01  1.00000000e+00]]",1,"[[ 1.90840201e-03 -9.04280099e-04  6.18040082e-01]
 [-3.32444423e-03 -3.70926882e-03  1.05325152e+00]
 [-1.37499052e-04 -6.18474103e-05  1.00665687e+00]]","[[ 3.63789619e+02 -8.64725015e+01 -1.32874742e+02]
 [-3.17476649e+02 -1.98917696e+02  4.03040670e+02]
 [ 3.01846834e-02 -2.40324504e-02  1.00000000e+00]]",8
621,425384.92175599997,"[[ 5.61255137e-04 -1.00326319e-03  7.40165738e-01]
 [-1.05556559e-03 -1.73350608e-03  1.47888254e-01]
 [-5.27956618e-04 -3.54929046e-04  8.56140986e-01]]","[[ 7.04562743e+02 -2.93426818e+02 -5.58434686e+02]
 [-4.06326274e+02 -4.28794621e+02  4.25353394e+02]
 [ 2.66032780e-01 -3.58712293e-01  1.00000000e+00]]",1,"[[ 1.83407449e-03 -1.07647285e-03  6.79090851e-01]
 [-3.33152414e-03 -3.66676635e-03  1.09961095e+00]
 [-2.32663362e-04 -2.32628450e-04  1.06706299e+00]]","[[ 3.54642777e+02 -9.60768432e+01 -1.26691224e+02]
 [-3.19946972e+02 -2.05119470e+02  4.14993941e+02]
 [ 7.57557218e-03 -6.56664005e-02  1.00000000e+00]]",8
622,425384.968872,"[[ 5.72114808e-04 -8.42819740e-04  7.02313744e-01]
 [-1.04271490e-03 -1.69051302e-03  1.54589106e-01]
 [-4.75206368e-04 -1.90341915e-04  8.12534393e-01]]","[[ 7.28160211e+02 -2.98561102e+02 -5.72582077e+02]
 [-4.19168432e+02 -4.32617557e+02  4.44615902e+02]
 [ 3.27667419e-01 -2.75955570e-01  1.00000000e+00]]",1,"[[ 1.89672059e-03 -8.06505768e-04  5.98843290e-01]
 [-3.26812727e-03 -3.57270039e-03  1.08725057e+00]
 [-7.83096299e-05  6.39616527e-05  9.62181302e-01]]","[[ 3.72615976e+02 -8.65164029e+01 -1.34146827e+02]
 [-3.25045786e+02 -1.98878974e+02  4.27032582e+02]
 [ 5.19339596e-02  6.17925165e-03  1.00000000e+00]]",8
623,425385.013952,"[[ 3.55254904e-04 -7.19175499e-04  6.10349441e-01]
 [-8.66936594e-04 -1.44731196e-03  1.36751570e-01]
 [-5.47610008e-04 -1.66182673e-04  7.06518837e-01]]","[[ 8.78857725e+02 -3.57476903e+02 -6.90037927e+02]
 [-4.72573492e+02 -5.14420703e+02  5.07817749e+02]
 [ 5.70031171e-01 -3.98072525e-01  1.00000000e+00]]",1,"[[ 1.37055947e-03 -7.72409607e-04  6.02078221e-01]
 [-2.83643830e-03 -3.16200384e-03  9.59364032e-01]
 [-4.05474842e-04 -8.49204007e-06  9.31674300e-01]]","[[ 4.50266351e+02 -1.09511786e+02 -1.78210234e+02]
 [-3.45406071e+02 -2.33124037e+02  4.63265208e+02]
 [ 1.92812526e-01 -4.97856093e-02  1.00000000e+00]]",8
624,425385.062171,"[[ 6.88312069e-04 -9.30534978e-04  7.57112585e-01]
 [-1.13411036e-03 -1.82670570e-03  1.77194839e-01]
 [-4.13606824e-04 -2.13724534e-04  8.72767171e-01]]","[[ 6.72995242e+02 -2.81201391e+02 -5.26722072e+02]
 [-3.96305625e+02 -3.95163145e+02  4.24017835e+02]
 [ 2.21886427e-01 -2.30030276e-01  1.00000000e+00]]",1,"[[ 2.20996803e-03 -8.77851887e-04  6.12571796e-01]
 [-3.50628605e-03 -3.81831611e-03  1.17634816e+00]
 [ 1.68538681e-04  9.08270399e-05  9.81674963e-01]]","[[ 3.34757751e+02 -7.96608990e+01 -1.13432866e+02]
 [-3.16097668e+02 -1.79416838e+02  4.12243562e+02]
 [-2.82266688e-02  3.02766641e-02  1.00000000e+00]]",8
625,425385.106098,"[[ 5.67725964e-04 -8.73157846e-04  7.18098272e-01]
 [-1.07450239e-03 -1.68621017e-03  1.53928136e-01]
 [-4.71343745e-04 -2.07804755e-04  8.26494937e-01]]","[[ 7.18357184e+02 -3.01995054e+02 -5.67898841e+02]
 [-4.30235325e+02 -4.26107709e+02  4.53168183e+02]
 [ 3.01499995e-01 -2.79361285e-01  1.00000000e+00]]",1,"[[ 1.88982764e-03 -8.49272605e-04  6.19940558e-01]
 [-3.33647803e-03 -3.56758690e-03  1.09658367e+00]
 [-5.43108762e-05  4.47867726e-05  9.73371032e-01]]","[[ 3.67774348e+02 -8.92281669e+01 -1.33712715e+02]
 [-3.32933719e+02 -1.95617267e+02  4.32424844e+02]
 [ 3.58395439e-02  4.02211080e-03  1.00000000e+00]]",8
626,425385.157277,"[[ 6.35999494e-04 -1.14496032e-03  8.02991822e-01]
 [-1.14900556e-03 -1.81581148e-03  1.13644189e-01]
 [-4.83492552e-04 -4.35105403e-04  9.15331998e-01]]","[[ 6.52772617e+02 -2.82799065e+02 -5.37545506e+02]
 [-4.03484044e+02 -3.92804008e+02  4.02732868e+02]
 [ 1.53007445e-01 -3.36099239e-01  1.00000000e+00]]",1,"[[ 2.05085254e-03 -1.23306983e-03  7.29804043e-01]
 [-3.68069945e-03 -3.91889434e-03  1.14400685e+00]
 [-5.91307230e-05 -2.97970486e-04  1.11242353e+00]]","[[ 3.19553674e+02 -9.17835108e+01 -1.15253403e+02]
 [-3.20210557e+02 -1.84847181e+02  4.00168990e+02]
 [-6.87848229e-02 -5.43913609e-02  1.00000000e+00]]",8
628,425385.25928399997,"[[ 7.02158036e-04 -1.03662017e-03  8.24568768e-01]
 [-1.20060645e-03 -1.77369279e-03  7.17197107e-02]
 [-3.94216386e-04 -2.90900825e-04  9.01762719e-01]]","[[ 6.33974259e+02 -2.79085032e+02 -5.57507496e+02]
 [-4.23451883e+02 -3.84836964e+02  4.17810124e+02]
 [ 1.40547548e-01 -2.46150432e-01  1.00000000e+00]]",1,"[[ 2.29295611e-03 -9.83225017e-04  6.87908238e-01]
 [-3.90766194e-03 -3.87912217e-03  1.12713361e+00]
 [ 1.96719144e-04  2.61686137e-06  1.02301481e+00]]","[[ 3.11801943e+02 -7.91137847e+01 -1.22500006e+02]
 [-3.31271232e+02 -1.73545075e+02  4.13965363e+02]
 [-5.91101126e-02  1.56569966e-02  1.00000000e+00]]",8
629,425385.304876,"[[ 4.62439062e-04 -8.48081283e-04  7.19130631e-01]
 [-1.00510264e-03 -1.52856658e-03  5.83567769e-02]
 [-4.82580350e-04 -2.00056998e-04  7.71312312e-01]]","[[ 7.48633547e+02 -3.27246675e+02 -6.73226975e+02]
 [-4.79123274e+02 -4.51313634e+02  4.80855065e+02]
 [ 3.44119848e-01 -3.21803842e-01  1.00000000e+00]]",1,"[[ 1.74519130e-03 -8.67228258e-04  6.77354990e-01]
 [-3.46182873e-03 -3.44978623e-03  9.95555343e-01]
 [-1.61632096e-04  2.00295620e-05  9.64544138e-01]]","[[ 3.70997542e+02 -9.42117086e+01 -1.63293788e+02]
 [-3.52240618e+02 -1.98697714e+02  4.52448461e+02]
 [ 6.94839488e-02 -1.16612680e-02  1.00000000e+00]]",8
630,425385.351597,"[[ 6.80708039e-04 -1.09433620e-03  8.73356770e-01]
 [-1.19995458e-03 -1.78334239e-03  3.46475187e-02]
 [-3.89100770e-04 -3.29192791e-04  9.05616783e-01]]","[[ 6.34571612e+02 -2.78401912e+02 -6.01315577e+02]
 [-4.24685292e+02 -3.78413396e+02  4.24034611e+02]
 [ 1.18271843e-01 -2.57169881e-01  1.00000000e+00]]",1,"[[ 2.38722384e-03 -1.11123529e-03  7.70926449e-01]
 [-4.17383174e-03 -4.00164052e-03  1.13785078e+00]
 [ 2.25376849e-04 -7.69407332e-05  1.06108680e+00]]","[[ 2.93042356e+02 -7.89097106e+01 -1.28289813e+02]
 [-3.30157786e+02 -1.66254380e+02  4.18156221e+02]
 [-8.61829070e-02  4.70525885e-03  1.00000000e+00]]",8
631,425385.402323,"[[ 8.52799091e-04 -1.29655990e-03  9.85505510e-01]
 [-1.33813052e-03 -1.94718441e-03  1.24227112e-02]
 [-3.06604879e-04 -4.56227558e-04  1.00678899e+00]]","[[ 5.75680384e+02 -2.52022249e+02 -5.60400833e+02]
 [-3.95640385e+02 -3.41847007e+02  3.91494592e+02]
 [-3.96868902e-03 -2.31658549e-01  1.00000000e+00]]",1,"[[ 2.85370271e-03 -1.31727100e-03  8.37547186e-01]
 [-4.65708912e-03 -4.35603663e-03  1.22537302e+00]
 [ 5.15207367e-04 -1.97688657e-04  1.13522045e+00]]","[[ 2.53309854e+02 -7.16285958e+01 -1.09570971e+02]
 [-3.18771365e+02 -1.51252265e+02  3.98448162e+02]
 [-1.70473132e-01  6.16860195e-03  1.00000000e+00]]",8
680,425387.858214,"[[ 1.12724645e-03 -1.17853584e-03  3.74606116e-01]
 [-1.47879561e-03 -2.44799950e-03  5.63721259e-01]
 [-6.05165748e-04 -9.97969008e-04  1.22968105e+00]]","[[ 5.43650024e+02 -2.38850129e+02 -5.61200229e+01]
 [-3.28120755e+02 -3.58227562e+02  2.64179508e+02]
 [ 1.25563377e-03 -4.08271660e-01  1.00000000e+00]]",1,"[[ 2.15131794e-03 -1.11554210e-03  9.56021784e-02]
 [-3.73725153e-03 -3.63067422e-03  1.48561300e+00]
 [-6.60556071e-04 -7.96004439e-04  1.30834341e+00]]","[[ 2.97802581e+02 -1.15478794e+02  1.09364423e+02]
 [-3.26239089e+02 -2.40222225e+02  2.96608997e+02]
 [-4.81314461e-02 -2.04455630e-01  1.00000000e+00]]",8
681,425387.90402099997,"[[ 1.19443562e-03 -1.11535664e-03  2.52076725e-01]
 [-1.31806130e-03 -2.51772155e-03  6.14111186e-01]
 [-4.19078130e-04 -4.32113195e-04  1.10756548e+00]]","[[ 5.63540405e+02 -2.51577636e+02  1.12329433e+01]
 [-2.68568389e+02 -3.19061679e+02  2.38034852e+02]
 [ 1.08450035e-01 -2.19672291e-01  1.00000000e+00]]",4,"[[ 1.98043314e-03 -9.53907476e-04 -2.50547273e-02]
 [-2.75859107e-03 -4.21880897e-03  1.54404286e+00]
 [-6.35463033e-05 -1.70524358e-04  1.05551978e+00]]","[[ 3.81353088e+02 -9.20347479e+01  1.43683041e+02]
 [-2.56098552e+02 -1.90123549e+02  2.72038888e+02]
 [-1.84150619e-02 -3.62562263e-02  1.00000000e+00]]",8
682,425387.953814,"[[ 1.22280703e-03 -1.09106275e-03  2.10453079e-01]
 [-1.30627710e-03 -2.56543491e-03  6.32460179e-01]
 [-4.26903471e-04 -4.66910263e-04  1.12133355e+00]]","[[ 5.65817132e+02 -2.46628214e+02  3.29113193e+01]
 [-2.61881683e+02 -3.20239752e+02  2.29773468e+02]
 [ 1.06368040e-01 -2.27238067e-01  1.00000000e+00]]",4,"[[ 1.96281267e-03 -9.17066473e-04 -6.31708243e-02]
 [-2.65854144e-03 -4.24582345e-03  1.53489962e+00]
 [-9.62060934e-05 -2.05981172e-04  1.06936570e+00]]","[[ 3.92150948e+02 -9.22492088e+01  1.55574256e+02]
 [-2.50216540e+02 -1.94292891e+02  2.64094592e+02]
 [-1.29166153e-02 -4.57239401e-02  1.00000000e+00]]",8
683,425388.002287,"[[ 1.27084578e-03 -1.05867314e-03  1.46879530e-01]
 [-1.28467265e-03 -2.63982118e-03  6.66159297e-01]
 [-4.25828318e-04 -5.09927457e-04  1.14064508e+00]]","[[ 5.66593602e+02 -2.40234882e+02  6.73423306e+01]
 [-2.50630463e+02 -3.20716069e+02  2.19577921e+02]
 [ 9.94772588e-02 -2.33061755e-01  1.00000000e+00]]",4,"[[ 1.93729418e-03 -8.65720362e-04 -1.19749263e-01]
 [-2.49200975e-03 -4.26928315e-03  1.51872906e+00]
 [-1.25545121e-04 -2.32608034e-04  1.08095529e+00]]","[[ 4.08662942e+02 -9.24086477e+01  1.75105100e+02]
 [-2.40029178e+02 -1.99371540e+02  2.53523930e+02]
 [-4.18803334e-03 -5.36348516e-02  1.00000000e+00]]",8
684,425388.052823,"[[ 1.28650629e-03 -1.04012986e-03  1.22197241e-01]
 [-1.27318560e-03 -2.66755503e-03  6.76350091e-01]
 [-4.24321842e-04 -5.22590608e-04  1.14638393e+00]]","[[ 5.68656113e+02 -2.37280106e+02  7.93767350e+01]
 [-2.46539862e+02 -3.20994006e+02  2.15661446e+02]
 [ 9.80943556e-02 -2.34155049e-01  1.00000000e+00]]",4,"[[ 1.92743927e-03 -8.41215308e-04 -1.41333282e-01]
 [-2.42808012e-03 -4.27778310e-03  1.50966012e+00]
 [-1.31926211e-04 -2.34632600e-04  1.08257542e+00]]","[[ 4.15720243e+02 -9.17445031e+01  1.82211900e+02]
 [-2.36147522e+02 -2.01012058e+02  2.49483204e+02]
 [-5.20527746e-04 -5.47467507e-02  1.00000000e+00]]",8
685,425388.105179,"[[ 1.29667758e-03 -1.00389399e-03  9.98605495e-02]
 [-1.25128457e-03 -2.69679037e-03  6.85752923e-01]
 [-4.25217728e-04 -5.32397570e-04  1.15109341e+00]]","[[ 5.76299227e+02 -2.31938675e+02  8.81796960e+01]
 [-2.41688441e+02 -3.22964764e+02  2.13370322e+02]
 [ 1.01102403e-01 -2.35054853e-01  1.00000000e+00]]",4,"[[ 1.92091829e-03 -7.96640260e-04 -1.63352851e-01]
 [-2.35549448e-03 -4.28652099e-03  1.50014174e+00]
 [-1.42519271e-04 -2.47123861e-04  1.08774528e+00]]","[[ 4.24499868e+02 -8.96994845e+01  1.87456758e+02]
 [-2.32270413e+02 -2.04359928e+02  2.46957471e+02]
 [ 2.84979441e-03 -5.81810104e-02  1.00000000e+00]]",8
686,425388.15398299997,"[[ 1.29151522e-03 -9.97125886e-04  1.04588634e-01]
 [-1.24591631e-03 -2.69917155e-03  6.83155472e-01]
 [-4.24835946e-04 -5.35776792e-04  1.15058040e+00]]","[[ 5.79396880e+02 -2.30785755e+02  8.43610958e+01]
 [-2.41796040e+02 -3.23669565e+02  2.14157787e+02]
 [ 1.01340085e-01 -2.35933731e-01  1.00000000e+00]]",4,"[[ 1.92223672e-03 -7.86749203e-04 -1.60953381e-01]
 [-2.35799538e-03 -4.29763814e-03  1.50193410e+00]
 [-1.42698984e-04 -2.55065970e-04  1.08964969e+00]]","[[ 4.25042559e+02 -8.88013478e+01  1.85184111e+02]
 [-2.32800632e+02 -2.04779548e+02  2.47873550e+02]
 [ 1.16883652e-03 -5.95642403e-02  1.00000000e+00]]",8
687,425388.203768,"[[ 1.24902731e-03 -9.86627105e-04  1.41751694e-01]
 [-1.23289219e-03 -2.64638442e-03  6.38279615e-01]
 [-4.24521173e-04 -5.07414744e-04  1.13297612e+00]]","[[ 5.91448363e+02 -2.31300688e+02  5.63080769e+01]
 [-2.48987438e+02 -3.26261897e+02  2.14956612e+02]
 [ 1.10101575e-01 -2.32787020e-01  1.00000000e+00]]",4,"[[ 1.93415441e-03 -7.77220168e-04 -1.32749486e-01]
 [-2.44688028e-03 -4.32353742e-03  1.49851975e+00]
 [-1.34953341e-04 -2.61440708e-04  1.08841093e+00]]","[[ 4.20298785e+02 -8.57977259e+01  1.69388261e+02]
 [-2.39764629e+02 -2.03352354e+02  2.50731484e+02]
 [-5.47909698e-03 -5.94842182e-02  1.00000000e+00]]",8
688,425388.254074,"[[ 1.21475567e-03 -9.90523786e-04  1.78274554e-01]
 [-1.23711980e-03 -2.59602760e-03  6.10292894e-01]
 [-4.22132187e-04 -4.85745178e-04  1.12036210e+00]]","[[ 5.96502025e+02 -2.33652499e+02  3.23603657e+01]
 [-2.57687691e+02 -3.27984171e+02  2.19666095e+02]
 [ 1.13027878e-01 -2.30237144e-01  1.00000000e+00]]",4,"[[ 1.94795489e-03 -7.87764843e-04 -1.02192868e-01]
 [-2.54092904e-03 -4.31794361e-03  1.50307623e+00]
 [-1.15366979e-04 -2.53663742e-04  1.08300836e+00]]","[[ 4.12481497e+02 -8.44227641e+01  1.56089762e+02]
 [-2.47622020e+02 -2.01469244e+02  2.56247724e+02]
 [-1.40589716e-02 -5.61815067e-02  1.00000000e+00]]",8
694,425388.51847999997,"[[ 1.02853767e-03 -1.27009034e-03  7.05346165e-01]
 [-1.25570320e-03 -2.15316587e-03  1.21863036e-01]
 [-3.96507191e-04 -5.48978222e-04  1.00373444e+00]]","[[ 5.49763433e+02 -2.33001977e+02 -3.58042112e+02]
 [-3.18173760e+02 -3.44419028e+02  2.65403455e+02]
 [ 4.31535347e-02 -2.80418298e-01  1.00000000e+00]]",1,"[[ 2.47890968e-03 -1.13409185e-03  4.75192066e-01]
 [-3.55590749e-03 -4.46358406e-03  1.17232154e+00]
 [ 1.36050075e-04 -2.81079785e-04  1.09269589e+00]]","[[ 3.01229328e+02 -7.32337903e+01 -5.24283448e+01]
 [-2.67925631e+02 -1.75130730e+02  3.04408266e+02]
 [-1.06425541e-01 -3.59315391e-02  1.00000000e+00]]",8
695,425388.568762,"[[ 9.10498466e-04 -1.19333456e-03  7.09134527e-01]
 [-1.19782566e-03 -2.04803376e-03  1.07389353e-01]
 [-4.35892452e-04 -5.00239303e-04  9.68618585e-01]]","[[ 5.85902284e+02 -2.43204439e+02 -4.01980695e+02]
 [-3.38002192e+02 -3.61561050e+02  2.87540252e+02]
 [ 8.91046315e-02 -2.96172334e-01  1.00000000e+00]]",1,"[[ 2.30367743e-03 -1.08356105e-03  5.13343318e-01]
 [-3.49166667e-03 -4.29546687e-03  1.13319395e+00]
 [ 2.96198024e-05 -2.59323098e-04  1.08558692e+00]]","[[ 3.19416759e+02 -7.62623631e+01 -7.14363900e+01]
 [-2.79561913e+02 -1.81714494e+02  3.21880264e+02]
 [-7.54964169e-02 -4.13268514e-02  1.00000000e+00]]",8
696,425388.617434,"[[ 7.84797055e-04 -9.97937791e-04  6.75092519e-01]
 [-1.09710647e-03 -1.90285837e-03  9.63624213e-02]
 [-4.48985781e-04 -3.34966472e-04  8.99478755e-01]]","[[ 6.48829852e+02 -2.59442877e+02 -4.59176643e+02]
 [-3.64561472e+02 -3.89851857e+02  3.15382425e+02]
 [ 1.88108398e-01 -2.74685158e-01  1.00000000e+00]]",1,"[[ 2.13189846e-03 -8.51929561e-04  4.94908933e-01]
 [-3.30485287e-03 -4.05167891e-03  1.06885761e+00]
 [-2.34018176e-06 -3.64999106e-05  1.01225064e+00]]","[[ 3.54684855e+02 -7.37171237e+01 -9.55727666e+01]
 [-2.91867576e+02 -1.88520290e+02  3.41762409e+02]
 [-9.70423038e-03 -6.96812125e-03  1.00000000e+00]]",8
697,425388.669102,"[[ 1.31199095e-03 -1.38909861e-03  8.05797076e-01]
 [-1.46795148e-03 -2.33419079e-03  1.37886819e-01]
 [-2.07690937e-04 -5.89109402e-04  1.08870848e+00]]","[[ 4.82209309e+02 -2.03392584e+02 -3.31142543e+02]
 [-3.07657142e+02 -3.12792630e+02  2.67325194e+02]
 [-7.44856984e-02 -2.08055581e-01  1.00000000e+00]]",1,"[[ 3.09971856e-03 -1.13159327e-03  4.70577381e-01]
 [-4.08337020e-03 -4.77294264e-03  1.30936973e+00]
 [ 6.02964885e-04 -1.99781222e-04  1.08527317e+00]]","[[ 2.53321360e+02 -5.84108416e+01 -3.93688108e+01]
 [-2.68912876e+02 -1.58651637e+02  3.08012744e+02]
 [-1.90244846e-01  3.24717191e-03  1.00000000e+00]]",8
698,425388.718814,"[[ 8.14566447e-04 -1.10946717e-03  6.98530486e-01]
 [-1.11309960e-03 -1.95410176e-03  1.23221685e-01]
 [-4.59674512e-04 -4.56801590e-04  9.42128746e-01]]","[[ 6.31383548e+02 -2.56897733e+02 -4.34532209e+02]
 [-3.50954702e+02 -3.85087115e+02  3.10577130e+02]
 [ 1.37894379e-01 -3.12056869e-01  1.00000000e+00]]",1,"[[ 2.14066064e-03 -1.02329180e-03  5.30588792e-01]
 [-3.27250609e-03 -4.07806106e-03  1.09393041e+00]
 [-3.83299711e-05 -2.35444045e-04  1.07617944e+00]]","[[ 3.42027167e+02 -8.08315410e+01 -8.64648563e+01]
 [-2.88105401e+02 -1.92414416e+02  3.37632802e+02]
 [-5.08491500e-02 -4.49749338e-02  1.00000000e+00]]",8
699,425388.769544,"[[ 5.78087633e-04 -8.10217768e-04  6.00415388e-01]
 [-9.05655752e-04 -1.69540257e-03  1.16560465e-01]
 [-5.11196352e-04 -2.39987077e-04  8.10122909e-01]]","[[ 7.85072227e+02 -2.98904905e+02 -5.38842867e+02]
 [-3.93324657e+02 -4.52340232e+02  3.56591773e+02]
 [ 3.78872416e-01 -3.22611426e-01  1.00000000e+00]]",1,"[[ 1.71000739e-03 -7.15670325e-04  4.85663618e-01]
 [-2.78943379e-03 -3.62229560e-03  9.65071669e-01]
 [-2.16343369e-04  1.29253361e-05  9.67033244e-01]]","[[ 4.29200685e+02 -8.52642888e+01 -1.30461914e+02]
 [-3.03851818e+02 -2.14725735e+02  3.66890693e+02]
 [ 1.00081471e-01 -1.62051939e-02  1.00000000e+00]]",8
700,425388.815921,"[[ 2.87026030e-03 -2.76685422e-03  1.04864233e+00]
 [-2.35824669e-03 -3.38188360e-03  4.11924062e-01]
 [ 7.42548576e-04 -1.70811256e-03  1.49475054e+00]]","[[ 2.68082204e+02 -1.44442151e+02 -1.48267649e+02]
 [-2.36009656e+02 -2.16344021e+02  2.25192775e+02]
 [-4.02873322e-01 -1.75470500e-01  1.00000000e+00]]",1,"[[ 5.64797399e-03 -2.51158374e-03  3.91057207e-01]
 [-5.64847093e-03 -6.31281272e-03  1.98258091e+00]
 [ 2.43951313e-03 -1.33047689e-03  1.23498545e+00]]","[[ 1.03497764e+02 -5.17940236e+01  5.03749220e+01]
 [-2.36998894e+02 -1.20807190e+02  2.68983051e+02]
 [-4.59767122e-01 -2.78375534e-02  1.00000000e+00]]",8
701,425388.86449,"[[ 6.41950572e-04 -9.85467095e-04  6.69469077e-01]
 [-1.14295030e-03 -1.88160620e-03  2.42998615e-01]
 [-5.32538550e-04 -4.07714374e-04  9.28143671e-01]]","[[ 7.05723580e+02 -2.74908924e+02 -4.37063398e+02]
 [-3.99023544e+02 -4.07987710e+02  3.94631116e+02]
 [ 2.29638346e-01 -3.36954357e-01  1.00000000e+00]]",2,"[[ 2.13649881e-03 -1.17172619e-03  5.30518723e-01]
 [-3.74008429e-03 -3.63147386e-03  1.30722616e+00]
 [-1.06968688e-04 -3.23553002e-04  1.12382832e+00]]","[[ 3.01309443e+02 -9.43224357e+01 -3.25223567e+01]
 [-3.34682670e+02 -2.02438672e+02  3.93466280e+02]
 [-6.76766240e-02 -6.72604399e-02  1.00000000e+00]]",8
704,425389.009463,"[[ 8.00120799e-04 -1.00208917e-03  5.03375448e-01]
 [-1.08535890e-03 -2.10094517e-03  3.92849802e-01]
 [-5.32831294e-04 -4.96795997e-04  1.02666809e+00]]","[[ 7.08582466e+02 -2.81271345e+02 -2.39790860e+02]
 [-3.26868744e+02 -3.93577399e+02  3.10864346e+02]
 [ 2.09578764e-01 -3.36426012e-01  1.00000000e+00]]",2,"[[ 1.89870637e-03 -1.01638460e-03  2.87639402e-01]
 [-2.80561112e-03 -3.66707901e-03  1.30176428e+00]
 [-1.11103481e-04 -2.97613676e-04  1.10246150e+00]]","[[ 3.72456078e+02 -1.05450304e+02  2.73373684e+01]
 [-3.00424058e+02 -2.16542330e+02  3.34071409e+02]
 [-4.35653685e-02 -6.90834600e-02  1.00000000e+00]]",8
705,425389.058617,"[[ 8.12847432e-04 -1.00557664e-03  4.71824460e-01]
 [-1.06319260e-03 -2.11389955e-03  3.81429428e-01]
 [-5.40838103e-04 -5.42042827e-04  1.03873981e+00]]","[[ 7.13582878e+02 -2.82981840e+02 -2.20217086e+02]
 [-3.22195985e+02 -3.94460014e+02  2.91197661e+02]
 [ 2.03408770e-01 -3.53179476e-01  1.00000000e+00]]",2,"[[ 1.85218037e-03 -9.95611726e-04  2.53603262e-01]
 [-2.70826213e-03 -3.69375862e-03  1.27417975e+00]
 [-1.47287373e-04 -3.37207273e-04  1.11284374e+00]]","[[ 3.85925556e+02 -1.07198130e+02  3.47916831e+01]
 [-2.96313285e+02 -2.20021519e+02  3.19445549e+02]
 [-3.87089689e-02 -8.08575223e-02  1.00000000e+00]]",8
706,425389.107278,"[[ 8.34555871e-04 -9.89615771e-04  4.30947728e-01]
 [-1.04452361e-03 -2.11231485e-03  3.57275043e-01]
 [-5.35777104e-04 -5.87413980e-04  1.05051922e+00]]","[[ 7.18449253e+02 -2.81229944e+02 -1.99080253e+02]
 [-3.23928223e+02 -3.96066611e+02  2.67582774e+02]
 [ 1.85288084e-01 -3.64897302e-01  1.00000000e+00]]",2,"[[ 1.83250018e-03 -9.49512573e-04  2.06102916e-01]
 [-2.63024723e-03 -3.73154748e-03  1.23998512e+00]
 [-1.45489182e-04 -3.73793392e-04  1.11905050e+00]]","[[ 3.97652634e+02 -1.05565970e+02  4.37360639e+01]
 [-2.95963885e+02 -2.22874278e+02  3.01469690e+02]
 [-4.71606848e-02 -8.81708543e-02  1.00000000e+00]]",8
707,425389.158215,"[[ 8.32227046e-04 -9.87171846e-04  4.27883495e-01]
 [-1.04395011e-03 -2.09919156e-03  3.50899802e-01]
 [-5.35993684e-04 -5.95065356e-04  1.05177845e+00]]","[[ 7.19723279e+02 -2.82142177e+02 -1.98667388e+02]
 [-3.27598126e+02 -3.97708950e+02  2.65958884e+02]
 [ 1.81430639e-01 -3.68793677e-01  1.00000000e+00]]",2,"[[ 1.82556782e-03 -9.42587193e-04  2.02818393e-01]
 [-2.62848836e-03 -3.72277851e-03  1.23318407e+00]
 [-1.46091951e-04 -3.79179726e-04  1.12026227e+00]]","[[ 3.99286619e+02 -1.05570967e+02  4.39234335e+01]
 [-2.98092343e+02 -2.23721982e+02  3.00241295e+02]
 [-4.88260769e-02 -8.94914619e-02  1.00000000e+00]]",8
708,425389.207086,"[[ 8.20657270e-04 -9.62532057e-04  4.39325028e-01]
 [-1.05289200e-03 -2.07909353e-03  3.57673947e-01]
 [-5.35565177e-04 -5.73504797e-04  1.04736514e+00]]","[[ 7.25251818e+02 -2.78036953e+02 -2.09262933e+02]
 [-3.35042917e+02 -4.02555019e+02  2.78008279e+02]
 [ 1.87394912e-01 -3.62599564e-01  1.00000000e+00]]",2,"[[ 1.83205585e-03 -9.16750865e-04  2.11898733e-01]
 [-2.65729669e-03 -3.68098112e-03  1.24278272e+00]
 [-1.42831875e-04 -3.60906691e-04  1.11724290e+00]]","[[ 3.99137744e+02 -1.03243359e+02  3.91430372e+01]
 [-3.04072431e+02 -2.26269393e+02  3.09365362e+02]
 [-4.71984941e-02 -8.62915130e-02  1.00000000e+00]]",8
709,425389.257514,"[[ 7.89008843e-04 -9.57030089e-04  4.59662519e-01]
 [-1.05746692e-03 -2.06861352e-03  3.56928047e-01]
 [-5.46227350e-04 -5.72730754e-04  1.04042163e+00]]","[[ 7.36638616e+02 -2.77005116e+02 -2.30420302e+02]
 [-3.42354495e+02 -4.05411617e+02  2.90334512e+02]
 [ 1.98280394e-01 -3.68600056e-01  1.00000000e+00]]",2,"[[ 1.80756013e-03 -9.26779350e-04  2.40844868e-01]
 [-2.71195497e-03 -3.67255676e-03  1.25463113e+00]
 [-1.80725716e-04 -3.85772596e-04  1.12862255e+00]]","[[ 4.00024876e+02 -1.04141024e+02  3.04039925e+01]
 [-3.09670730e+02 -2.27670090e+02  3.19171886e+02]
 [-4.17922710e-02 -9.44955802e-02  1.00000000e+00]]",8
712,425389.394621,"[[ 6.32305250e-04 -9.45625367e-04  6.05636246e-01]
 [-1.10663963e-03 -1.88343967e-03  2.73168304e-01]
 [-5.39501500e-04 -4.55993669e-04  9.59033011e-01]]","[[ 7.51647611e+02 -2.81901588e+02 -3.94374807e+02]
 [-4.08482756e+02 -4.17070517e+02  3.76757009e+02]
 [ 2.28615136e-01 -3.56888492e-01  1.00000000e+00]]",2,"[[ 1.90952979e-03 -1.06412126e-03  4.50161735e-01]
 [-3.37028640e-03 -3.57121455e-03  1.28599251e+00]
 [-1.61257186e-04 -3.57786036e-04  1.13289303e+00]]","[[ 3.44588273e+02 -1.00374849e+02 -2.29846514e+01]
 [-3.47000839e+02 -2.14870455e+02  3.81790941e+02]
 [-6.05394487e-02 -8.21470447e-02  1.00000000e+00]]",8
713,425389.440563,"[[ 6.03703758e-04 -9.71575067e-04  6.57419804e-01]
 [-1.14617592e-03 -1.82990371e-03  2.55407647e-01]
 [-5.33051833e-04 -4.40500074e-04  9.50797033e-01]]","[[ 7.33601594e+02 -2.85882312e+02 -4.30446955e+02]
 [-4.29891541e+02 -4.16729943e+02  4.09188516e+02]
 [ 2.12117215e-01 -3.53345298e-01  1.00000000e+00]]",2,"[[ 1.98492441e-03 -1.15550774e-03  5.28767215e-01]
 [-3.62517648e-03 -3.51776561e-03  1.29936994e+00]
 [-1.17836432e-04 -3.71676191e-04  1.14580100e+00]]","[[ 3.17570642e+02 -1.00922883e+02 -3.21039896e+01]
 [-3.58111890e+02 -2.09162020e+02  4.02457903e+02]
 [-8.35051388e-02 -7.82273145e-02  1.00000000e+00]]",8
714,425389.48591,"[[ 5.90084385e-04 -9.78285367e-04  6.74109433e-01]
 [-1.15948166e-03 -1.80437658e-03  2.52951967e-01]
 [-5.35082677e-04 -4.34986989e-04  9.48380027e-01]]","[[ 7.28138220e+02 -2.88561343e+02 -4.40596251e+02]
 [-4.38500317e+02 -4.18514080e+02  4.23312542e+02]
 [ 2.09696757e-01 -3.54765332e-01  1.00000000e+00]]",2,"[[ 2.00495687e-03 -1.18822188e-03  5.57443696e-01]
 [-3.70368008e-03 -3.48052090e-03  1.30364611e+00]
 [-1.04420100e-04 -3.77481865e-04  1.15160660e+00]]","[[ 3.08995597e+02 -1.01760289e+02 -3.43765339e+01]
 [-3.62863490e+02 -2.08024571e+02  4.11135526e+02]
 [-9.09243100e-02 -7.74147370e-02  1.00000000e+00]]",8
715,425389.53174299997,"[[ 6.77621919e-04 -9.59120121e-04  6.66196001e-01]
 [-1.09177918e-03 -1.82178350e-03  2.39304902e-01]
 [-4.86925725e-04 -3.61335583e-04  9.30839976e-01]]","[[ 7.05338322e+02 -2.85790270e+02 -4.31333598e+02]
 [-3.94344770e+02 -4.18624604e+02  3.89852002e+02]
 [ 2.15887350e-01 -3.12000567e-01  1.00000000e+00]]",1,"[[ 1.76953568e-03 -8.74492091e-04  5.24977990e-01]
 [-2.83890247e-03 -3.55769988e-03  1.08470833e+00]
 [-1.04051849e-04 -1.21672463e-04  1.03636776e+00]]","[[ 4.04998418e+02 -9.59686588e+01 -1.04709212e+02]
 [-3.22312263e+02 -2.15139965e+02  3.88444112e+02]
 [ 2.82168896e-03 -3.48933333e-02  1.00000000e+00]]",8
716,425389.578143,"[[ 5.51105241e-04 -8.42139459e-04  6.31924990e-01]
 [-9.76383692e-04 -1.69047091e-03  1.94560460e-01]
 [-5.03315867e-04 -2.80669287e-04  8.56356546e-01]]","[[ 7.94261742e+02 -3.10061198e+02 -5.15659274e+02]
 [-4.20899825e+02 -4.50430520e+02  4.12927405e+02]
 [ 3.28871059e-01 -3.29863460e-01  1.00000000e+00]]",1,"[[ 1.60030667e-03 -7.77995409e-04  5.29720872e-01]
 [-2.72307415e-03 -3.43850906e-03  1.01604735e+00]
 [-1.75054771e-04 -4.43803736e-05  9.94187675e-01]]","[[ 4.42637268e+02 -9.84049010e+01 -1.35276431e+02]
 [-3.31887380e+02 -2.20927613e+02  4.02620752e+02]
 [ 6.31233731e-02 -2.71891294e-02  1.00000000e+00]]",8
717,425389.622556,"[[ 4.61327428e-04 -8.67831313e-04  6.18041646e-01]
 [-9.12322688e-04 -1.60554684e-03  1.55979539e-01]
 [-5.50630790e-04 -3.36997795e-04  8.31909812e-01]]","[[ 8.37303891e+02 -3.35206432e+02 -5.59199235e+02]
 [-4.39227410e+02 -4.72516161e+02  4.14905173e+02]
 [ 3.76274724e-01 -4.13280240e-01  1.00000000e+00]]",1,"[[ 1.40867509e-03 -8.77713174e-04  5.66638224e-01]
 [-2.64764320e-03 -3.36491922e-03  9.57091678e-01]
 [-3.34655220e-04 -1.82846252e-04  1.02319929e+00]]","[[ 4.62628230e+02 -1.12467940e+02 -1.50997671e+02]
 [-3.38163657e+02 -2.30888380e+02  4.03242855e+02]
 [ 9.08806291e-02 -7.80444819e-02  1.00000000e+00]]",8
718,425389.669836,"[[ 7.35209230e-04 -1.02938328e-03  6.91600292e-01]
 [-1.08516343e-03 -1.86796518e-03  1.49467284e-01]
 [-4.32455016e-04 -4.00102083e-04  9.40611151e-01]]","[[ 6.81509223e+02 -2.77682399e+02 -4.56966243e+02]
 [-3.83906651e+02 -3.97781188e+02  3.45483068e+02]
 [ 1.50030361e-01 -2.96868932e-01  1.00000000e+00]]",1,"[[ 1.99367247e-03 -9.29956398e-04  5.38464715e-01]
 [-3.09518809e-03 -3.87990146e-03  1.07148087e+00]
 [ 4.83788599e-05 -1.24157697e-04  1.04946626e+00]]","[[ 3.71106623e+02 -8.56542240e+01 -1.02958012e+02]
 [-3.10933070e+02 -1.94677902e+02  3.58296543e+02]
 [-5.38925845e-02 -1.90829443e-02  1.00000000e+00]]",8
719,425389.71732399997,"[[ 6.37775943e-04 -1.01690238e-03  6.58160375e-01]
 [-1.00775018e-03 -1.73573450e-03  8.22413901e-02]
 [-4.83262511e-04 -4.35622824e-04  9.06239372e-01]]","[[ 7.21066504e+02 -2.97799651e+02 -4.96652383e+02]
 [-4.09757705e+02 -4.20323079e+02  3.35732752e+02]
 [ 1.87549345e-01 -3.60851386e-01  1.00000000e+00]]",1,"[[ 1.74455037e-03 -9.47860321e-04  5.49097578e-01]
 [-2.96531172e-03 -3.74252912e-03  9.61331658e-01]
 [-1.39725134e-04 -2.17341981e-04  1.05980580e+00]]","[[ 4.02304518e+02 -9.47785138e+01 -1.22466636e+02]
 [-3.22100505e+02 -2.06173727e+02  3.53900628e+02]
 [-1.30155063e-02 -5.47771554e-02  1.00000000e+00]]",8
720,425389.767301,"[[ 7.51293723e-04 -1.01232760e-03  6.72851377e-01]
 [-1.06889568e-03 -1.80123755e-03  6.70300347e-02]
 [-4.10664100e-04 -3.99328894e-04  9.33259995e-01]]","[[ 6.79273525e+02 -2.77611477e+02 -4.69796008e+02]
 [-3.98315762e+02 -4.01369774e+02  3.16001051e+02]
 [ 1.28468228e-01 -2.93898396e-01  1.00000000e+00]]",1,"[[ 1.98515190e-03 -8.39311469e-04  5.07516619e-01]
 [-3.11674863e-03 -3.89163342e-03  9.83013135e-01]
 [ 6.26105634e-05 -7.19327667e-05  1.03153906e+00]]","[[ 3.81346684e+02 -8.01898175e+01 -1.11204840e+02]
 [-3.16842298e+02 -1.94943101e+02  3.41658765e+02]
 [-4.52408209e-02 -8.72683091e-03  1.00000000e+00]]",8
721,425389.815159,"[[ 6.45871699e-04 -9.28420150e-04  6.42800495e-01]
 [-9.91743674e-04 -1.67487647e-03  4.14033567e-02]
 [-4.44377700e-04 -3.45742546e-04  8.84302106e-01]]","[[ 7.32471648e+02 -2.99004938e+02 -5.18435189e+02]
 [-4.28763022e+02 -4.27858965e+02  3.31700985e+02]
 [ 2.00443317e-01 -3.17538737e-01  1.00000000e+00]]",1,"[[ 1.78525126e-03 -7.70255183e-04  5.09464431e-01]
 [-2.97271579e-03 -3.70307343e-03  9.12781445e-01]
 [-4.67682200e-05 -3.17477455e-05  1.00499574e+00]]","[[ 4.14867177e+02 -8.51541684e+01 -1.32968648e+02]
 [-3.30860350e+02 -2.04253998e+02  3.53236161e+02]
 [ 8.85429542e-03 -1.04150817e-02  1.00000000e+00]]",8
722,425389.862197,"[[ 5.66524993e-04 -8.52112049e-04  6.17920628e-01]
 [-9.44778326e-04 -1.57711081e-03  3.76022469e-02]
 [-4.70918421e-04 -2.94058267e-04  8.43452776e-01]]","[[ 7.76648916e+02 -3.16162625e+02 -5.54884605e+02]
 [-4.58731053e+02 -4.52642831e+02  3.56249664e+02]
 [ 2.73690039e-01 -3.34328345e-01  1.00000000e+00]]",1,"[[ 1.61812616e-03 -7.00971829e-04  5.05557575e-01]
 [-2.84813207e-03 -3.50973380e-03  8.69045615e-01]
 [-1.40044758e-04  8.44943693e-06  9.75607584e-01]]","[[ 4.47058527e+02 -8.96529797e+01 -1.51804166e+02]
 [-3.46153503e+02 -2.14894676e+02  3.70798472e+02]
 [ 6.71714799e-02 -1.10082076e-02  1.00000000e+00]]",8
723,425389.909085,"[[ 8.00968544e-04 -1.20910404e-03  7.23395857e-01]
 [-1.14356210e-03 -1.84508057e-03  5.19039120e-02]
 [-4.16008011e-04 -5.63201051e-04  9.86077074e-01]]","[[ 6.25812315e+02 -2.74372419e+02 -4.44660003e+02]
 [-3.86657436e+02 -3.81311331e+02  3.03726702e+02]
 [ 4.31782293e-02 -3.33539918e-01  1.00000000e+00]]",1,"[[ 2.06039581e-03 -1.11628627e-03  5.74193177e-01]
 [-3.32869125e-03 -4.01009397e-03  1.01425401e+00]
 [ 4.53403770e-05 -3.22376716e-04  1.11211403e+00]]","[[ 3.45020624e+02 -8.81881447e+01 -9.77087840e+01]
 [-3.12892217e+02 -1.89124393e+02  3.34031171e+02]
 [-1.04766713e-01 -5.12274962e-02  1.00000000e+00]]",8
724,425389.958221,"[[ 7.84369384e-04 -1.07896118e-03  6.95231915e-01]
 [-1.10593955e-03 -1.81814373e-03  7.21931530e-02]
 [-3.98548126e-04 -4.33675801e-04  9.56199605e-01]]","[[ 6.51761694e+02 -2.78769016e+02 -4.52834653e+02]
 [-3.92739326e+02 -3.92117251e+02  3.15157099e+02]
 [ 9.35336718e-02 -2.94033411e-01  1.00000000e+00]]",1,"[[ 2.06299560e-03 -9.27978806e-04  5.26307712e-01]
 [-3.20422125e-03 -3.92258425e-03  1.00689477e+00]
 [ 1.14182888e-04 -1.12198794e-04  1.04982172e+00]]","[[ 3.61932213e+02 -8.27023396e+01 -1.02127017e+02]
 [-3.14379014e+02 -1.90288712e+02  3.40115660e+02]
 [-7.29642089e-02 -1.13418990e-02  1.00000000e+00]]",8
725,425390.003698,"[[ 6.70855930e-04 -9.43181520e-04  6.51336698e-01]
 [-1.02435525e-03 -1.70017318e-03  8.01143810e-02]
 [-4.40198497e-04 -3.40714088e-04  9.00997676e-01]]","[[ 7.14168463e+02 -2.98038427e+02 -4.89775919e+02]
 [-4.21353431e+02 -4.23006044e+02  3.42211559e+02]
 [ 1.89584101e-01 -3.05572582e-01  1.00000000e+00]]",1,"[[ 1.82282536e-03 -7.89664119e-04  5.07280981e-01]
 [-2.96046450e-03 -3.66344374e-03  9.48905065e-01]
 [-1.31773945e-05 -2.06541186e-05  1.00578204e+00]]","[[ 4.06521017e+02 -8.69330217e+01 -1.23017901e+02]
 [-3.28883376e+02 -2.04096404e+02  3.58431926e+02]
 [-1.42765371e-03 -5.33016285e-03  1.00000000e+00]]",8
726,425390.048587,"[[ 6.29838149e-04 -9.92854863e-04  6.60428665e-01]
 [-1.03950235e-03 -1.69586757e-03  1.02642154e-01]
 [-4.77128640e-04 -3.94838719e-04  9.09926923e-01]]","[[ 7.15451181e+02 -3.06001078e+02 -4.84759651e+02]
 [-4.27054053e+02 -4.22920372e+02  3.57664103e+02]
 [ 1.89844666e-01 -3.43969618e-01  1.00000000e+00]]",1,"[[ 1.71444169e-03 -9.03437504e-04  5.43701703e-01]
 [-2.94599830e-03 -3.61033808e-03  9.65597002e-01]
 [-1.06288927e-04 -1.40723635e-04  1.03868926e+00]]","[[ 4.08319884e+02 -9.73738374e+01 -1.23213299e+02]
 [-3.34116430e+02 -2.07717986e+02  3.67994116e+02]
 [-3.48342500e-03 -3.81062868e-02  1.00000000e+00]]",8
727,425390.09217099997,"[[ 5.86558726e-04 -8.85508453e-04  6.32072256e-01]
 [-9.80294274e-04 -1.63388830e-03  9.79728861e-02]
 [-4.72216032e-04 -3.10264306e-04  8.70440246e-01]]","[[ 7.62035451e+02 -3.14642576e+02 -5.17939087e+02]
 [-4.41858208e+02 -4.42961866e+02  3.70714209e+02]
 [ 2.55907891e-01 -3.28586053e-01  1.00000000e+00]]",1,"[[ 1.65073092e-03 -7.64788776e-04  5.15790109e-01]
 [-2.82087409e-03 -3.50156174e-03  9.29938872e-01]
 [-1.07879341e-04 -2.08881166e-05  9.92988160e-01]]","[[ 4.35600721e+02 -9.43182941e+01 -1.37935477e+02]
 [-3.40254525e+02 -2.13517785e+02  3.76699765e+02]
 [ 4.01666850e-02 -1.47383226e-02  1.00000000e+00]]",8
728,425390.137338,"[[ 5.27226173e-04 -7.41744218e-04  5.88249184e-01]
 [-9.09498500e-04 -1.53940800e-03  8.79706196e-02]
 [-4.62034015e-04 -1.89649321e-04  8.12957591e-01]]","[[ 8.30819356e+02 -3.30665548e+02 -5.65392292e+02]
 [-4.70140970e+02 -4.71261496e+02  3.91185483e+02]
 [ 3.62509546e-01 -2.97866895e-01  1.00000000e+00]]",1,"[[ 1.55771223e-03 -5.74561699e-04  4.71776737e-01]
 [-2.66709886e-03 -3.34873067e-03  8.79088157e-01]
 [-1.00044308e-04  1.59713675e-04  9.21882940e-01]]","[[ 4.78241119e+02 -8.96500669e+01 -1.59253107e+02]
 [-3.51294326e+02 -2.19777317e+02  3.89351090e+02]
 [ 1.12760313e-01  2.83468354e-02  1.00000000e+00]]",8
729,425390.185869,"[[ 8.58743937e-04 -1.09795486e-03  7.04623540e-01]
 [-1.17658376e-03 -1.88623567e-03  1.01375687e-01]
 [-3.56993795e-04 -4.36029794e-04  9.87879244e-01]]","[[ 6.24794593e+02 -2.67001695e+02 -4.18246968e+02]
 [-3.86770453e+02 -3.77754662e+02  3.14636334e+02]
 [ 5.50718650e-02 -2.63220670e-01  1.00000000e+00]]",1,"[[ 2.17069919e-03 -9.00198752e-04  5.03467548e-01]
 [-3.26198271e-03 -3.98387150e-03  1.05078036e+00]
 [ 2.25533192e-04 -6.46549560e-05  1.04253072e+00]]","[[ 3.52666857e+02 -7.82040762e+01 -9.14898803e+01]
 [-3.14022283e+02 -1.85551728e+02  3.38670253e+02]
 [-9.57680935e-02  5.41065700e-03  1.00000000e+00]]",8
730,425390.229533,"[[ 8.00697725e-04 -9.81830565e-04  6.80179782e-01]
 [-1.12180187e-03 -1.81873494e-03  8.70420209e-02]
 [-3.63014113e-04 -3.42558087e-04  9.48080258e-01]]","[[ 6.62511416e+02 -2.72846525e+02 -4.50254875e+02]
 [-4.03475892e+02 -3.93341631e+02  3.25577283e+02]
 [ 1.07888613e-01 -2.46592516e-01  1.00000000e+00]]",1,"[[ 2.08710710e-03 -7.46673762e-04  4.81401332e-01]
 [-3.16666515e-03 -3.88246564e-03  1.01056289e+00]
 [ 2.05994063e-04  6.77683497e-05  9.98407508e-01]]","[[ 3.76855418e+02 -7.43350338e+01 -1.06468023e+02]
 [-3.21926351e+02 -1.89596467e+02  3.47127725e+02]
 [-5.59025855e-02  2.82061333e-02  1.00000000e+00]]",8
731,425390.275091,"[[ 6.23767932e-04 -9.32677936e-04  6.46889378e-01]
 [-1.01013591e-03 -1.65482493e-03  6.82690937e-02]
 [-4.58314043e-04 -3.52758976e-04  8.90644564e-01]]","[[ 7.34303579e+02 -3.05156632e+02 -5.09945760e+02]
 [-4.39830712e+02 -4.31549859e+02  3.52534946e+02]
 [ 2.03658583e-01 -3.27954234e-01  1.00000000e+00]]",1,"[[ 1.71105555e-03 -7.91983845e-04  5.21369617e-01]
 [-2.92557843e-03 -3.59182521e-03  9.22680695e-01]
 [-8.08830957e-05 -5.67618263e-05  1.00990572e+00]]","[[ 4.22439613e+02 -9.10139676e+01 -1.34933732e+02]
 [-3.40303588e+02 -2.09170712e+02  3.66788425e+02]
 [ 1.47062940e-02 -1.90457412e-02  1.00000000e+00]]",8
732,425390.320633,"[[ 7.67592980e-04 -1.09999446e-03  7.09188356e-01]
 [-1.12493569e-03 -1.80637318e-03  7.76767020e-02]
 [-4.03828907e-04 -4.58412068e-04  9.65787007e-01]]","[[ 6.51286307e+02 -2.80969818e+02 -4.55648972e+02]
 [-4.02091179e+02 -3.91665007e+02  3.26761104e+02]
 [ 8.14721962e-02 -3.03387495e-01  1.00000000e+00]]",1,"[[ 2.02224155e-03 -9.64593899e-04  5.49714768e-01]
 [-3.22726984e-03 -3.88449476e-03  1.01297246e+00]
 [ 9.74991142e-05 -1.54868289e-04  1.06426843e+00]]","[[ 3.62611766e+02 -8.58333190e+01 -1.05599538e+02]
 [-3.22147993e+02 -1.91332624e+02  3.48506241e+02]
 [-8.00971187e-02 -1.99786849e-02  1.00000000e+00]]",8
733,425390.36600599997,"[[ 6.57157420e-04 -8.60657085e-04  6.53580481e-01]
 [-1.02774542e-03 -1.65890112e-03  7.27135991e-02]
 [-4.10144355e-04 -2.57553430e-04  8.81646493e-01]]","[[ 7.31169272e+02 -2.99014905e+02 -5.17367810e+02]
 [-4.43757050e+02 -4.29151155e+02  3.64359269e+02]
 [ 2.10508181e-01 -2.64469523e-01  1.00000000e+00]]",1,"[[ 1.84434101e-03 -6.51797018e-04  4.95382836e-01]
 [-2.99860133e-03 -3.60173121e-03  9.42740805e-01]
 [ 6.67826366e-05  1.27953514e-04  9.61100936e-01]]","[[ 4.16672007e+02 -8.02378305e+01 -1.36061342e+02]
 [-3.42539782e+02 -2.02332698e+02  3.75023689e+02]
 [ 1.66503984e-02  3.25123745e-02  1.00000000e+00]]",8
734,425390.413413,"[[ 4.51998093e-04 -8.37199246e-04  6.22125001e-01]
 [-9.15866578e-04 -1.47978638e-03  5.50767584e-02]
 [-5.08826905e-04 -2.87584567e-04  8.09177086e-01]]","[[ 8.23036166e+02 -3.47256033e+02 -6.09144337e+02]
 [-4.96699690e+02 -4.75264213e+02  4.14229856e+02]
 [ 3.41012845e-01 -3.87272293e-01  1.00000000e+00]]",1,"[[ 1.42719089e-03 -7.79115432e-04  5.62770791e-01]
 [-2.81275387e-03 -3.31230651e-03  8.67154020e-01]
 [-2.51008883e-04 -5.64655756e-05  9.79902416e-01]]","[[ 4.62044608e+02 -1.05753140e+02 -1.71773176e+02]
 [-3.66910154e+02 -2.22549949e+02  4.07664471e+02]
 [ 9.72132595e-02 -3.99135544e-02  1.00000000e+00]]",8
735,425390.459651,"[[ 5.91618465e-04 -9.66176474e-04  6.88088136e-01]
 [-1.03685311e-03 -1.63431347e-03  4.48302445e-02]
 [-4.54619692e-04 -3.51102565e-04  8.82282605e-01]]","[[ 7.24440399e+02 -3.10285737e+02 -5.49221593e+02]
 [-4.54324665e+02 -4.24038451e+02  3.75871810e+02]
 [ 1.92489702e-01 -3.28628256e-01  1.00000000e+00]]",1,"[[ 1.76256772e-03 -8.73720301e-04  5.83828842e-01]
 [-3.17717872e-03 -3.64844652e-03  9.50314328e-01]
 [-4.90922793e-05 -7.31693845e-05  1.02112333e+00]]","[[ 3.97104264e+02 -9.22661814e+01 -1.41176921e+02]
 [-3.47320223e+02 -1.98603240e+02  3.83412126e+02]
 [-5.79602220e-03 -1.86669263e-02  1.00000000e+00]]",8
736,425390.504813,"[[ 5.10032974e-04 -9.85387142e-04  6.80508886e-01]
 [-9.87240605e-04 -1.55820055e-03  1.78492453e-02]
 [-4.95405986e-04 -3.85690291e-04  8.56313976e-01]]","[[ 7.50997842e+02 -3.28893562e+02 -5.89959077e+02]
 [-4.73280144e+02 -4.37824942e+02  3.85239757e+02]
 [ 2.21308160e-01 -3.87475479e-01  1.00000000e+00]]",1,"[[ 1.60212351e-03 -9.72735103e-04  6.25199230e-01]
 [-3.14856856e-03 -3.57384954e-03  9.08602085e-01]
 [-1.85857858e-04 -1.84799420e-04  1.04344070e+00]]","[[ 4.05211637e+02 -1.02344866e+02 -1.53671640e+02]
 [-3.54609301e+02 -2.03439138e+02  3.89621266e+02]
 [ 9.37300378e-03 -5.42599424e-02  1.00000000e+00]]",8
737,425390.549281,"[[ 8.20515694e-04 -1.53237274e-03  8.87923751e-01]
 [-1.27410315e-03 -1.88273619e-03 -4.47775110e-02]
 [-3.87933993e-04 -7.70010256e-04  1.04794931e+00]]","[[ 5.74025596e+02 -2.63677932e+02 -4.97636478e+02]
 [-3.86755182e+02 -3.44363865e+02  3.12982081e+02]
 [-7.16842068e-02 -3.50640378e-01  1.00000000e+00]]",1,"[[ 2.35834541e-03 -1.64317985e-03  7.99394605e-01]
 [-4.18829441e-03 -4.37312828e-03  1.09265905e+00]
 [ 1.66930665e-04 -6.71156583e-04  1.24776488e+00]]","[[ 2.74682293e+02 -8.80338448e+01 -9.88876731e+01]
 [-3.14525025e+02 -1.63369623e+02  3.44565640e+02]
 [-2.05926968e-01 -7.60969080e-02  1.00000000e+00]]",8
782,425392.765251,"[[ 1.05954012e-03 -1.21142385e-03  4.63806644e-01]
 [-1.50010137e-03 -2.35351223e-03  6.91111557e-01]
 [-4.20713006e-04 -4.11929254e-04  1.11163231e+00]]","[[ 5.40850309e+02 -2.68065273e+02 -5.90005869e+01]
 [-3.19376879e+02 -3.18483095e+02  3.31257432e+02]
 [ 8.63433700e-02 -2.19470996e-01  1.00000000e+00]]",3,"[[ 2.00135451e-03 -1.15670907e-03  1.88504608e-01]
 [-3.11343297e-03 -3.69640446e-03  1.62548210e+00]
 [ 7.31401015e-05 -1.14948277e-04  1.03226186e+00]]","[[ 3.29917343e+02 -1.06586252e+02  1.07591988e+02]
 [-3.03002091e+02 -1.86572082e+02  3.49123499e+02]
 [-5.71170540e-02 -1.32237861e-02  1.00000000e+00]]",8
783,425392.818755,"[[ 1.06155081e-03 -1.17653427e-03  4.13980272e-01]
 [-1.47073365e-03 -2.41568086e-03  7.11584565e-01]
 [-4.42738574e-04 -3.76044280e-04  1.10266475e+00]]","[[ 5.57915209e+02 -2.65824912e+02 -3.79163167e+01]
 [-3.04251545e+02 -3.15227647e+02  3.17653453e+02]
 [ 1.20252807e-01 -2.14236010e-01  1.00000000e+00]]",4,"[[ 1.97258381e-03 -1.10548670e-03  1.43829842e-01]
 [-3.11171100e-03 -3.98540258e-03  1.69754293e+00]
 [-3.78090142e-05 -2.19788219e-04  1.07818598e+00]]","[[ 3.47202296e+02 -1.02668549e+02  1.15329099e+02]
 [-2.91184534e+02 -1.88669742e+02  3.35893823e+02]
 [-4.71825402e-02 -4.20606313e-02  1.00000000e+00]]",8
784,425392.87411699997,"[[ 1.10258484e-03 -1.15250622e-03  3.58736804e-01]
 [-1.43950387e-03 -2.47667200e-03  7.18775755e-01]
 [-4.43247062e-04 -4.15294978e-04  1.11776342e+00]]","[[ 5.62631940e+02 -2.59522841e+02 -1.36863115e+01]
 [-2.93962356e+02 -3.16972290e+02  2.98173215e+02]
 [ 1.13891600e-01 -2.20681526e-01  1.00000000e+00]]",4,"[[ 1.95414233e-03 -1.05171812e-03  8.67587485e-02]
 [-2.97207470e-03 -4.05657578e-03  1.67737901e+00]
 [-6.11852353e-05 -2.41362369e-04  1.08502626e+00]]","[[ 3.61591165e+02 -1.01348998e+02  1.27766019e+02]
 [-2.82472933e+02 -1.92311694e+02  3.19887740e+02]
 [-4.24453284e-02 -4.84945576e-02  1.00000000e+00]]",8
785,425392.92525699997,"[[ 1.11596226e-03 -1.13993223e-03  3.37582291e-01]
 [-1.42777225e-03 -2.49538246e-03  7.17247843e-01]
 [-4.44314467e-04 -4.26751308e-04  1.12153699e+00]]","[[ 5.64913556e+02 -2.57101352e+02 -5.61677631e+00]
 [-2.90689906e+02 -3.17653034e+02  2.90643752e+02]
 [ 1.13190175e-01 -2.22723549e-01  1.00000000e+00]]",4,"[[ 1.94866819e-03 -1.03127659e-03  6.60679452e-02]
 [-2.92597589e-03 -4.07932917e-03  1.66606507e+00]
 [-6.64515944e-05 -2.43885387e-04  1.08527708e+00]]","[[ 3.66642235e+02 -1.00586582e+02  1.32095752e+02]
 [-2.79461284e+02 -1.93241876e+02  3.13668260e+02]
 [-4.03515040e-02 -4.95845804e-02  1.00000000e+00]]",8
786,425392.979245,"[[ 1.13892425e-03 -1.13015602e-03  3.05930953e-01]
 [-1.41477869e-03 -2.51927067e-03  7.15875903e-01]
 [-4.41625274e-04 -4.47319752e-04  1.12874380e+00]]","[[ 5.64745876e+02 -2.54870634e+02  8.57812131e+00]
 [-2.86643342e+02 -3.17950668e+02  2.79342656e+02]
 [ 1.07362560e-01 -2.25722548e-01  1.00000000e+00]]",4,"[[ 1.93551121e-03 -1.00621044e-03  3.54575053e-02]
 [-2.85820324e-03 -4.10732400e-03  1.64883730e+00]
 [-7.59629421e-05 -2.46755197e-04  1.08567124e+00]]","[[ 3.74325428e+02 -1.00100857e+02  1.39800499e+02]
 [-2.75068723e+02 -1.94353930e+02  3.04154008e+02]
 [-3.63275500e-02 -5.11773693e-02  1.00000000e+00]]",8
787,425393.032659,"[[ 1.15128169e-03 -1.12381809e-03  2.87775702e-01]
 [-1.40680964e-03 -2.52872931e-03  7.10497406e-01]
 [-4.37633647e-04 -4.60307485e-04  1.13219246e+00]]","[[ 5.64515612e+02 -2.53749456e+02  1.57521393e+01]
 [-2.85343369e+02 -3.18193314e+02  2.72206734e+02]
 [ 1.02195820e-01 -2.27449018e-01  1.00000000e+00]]",4,"[[ 1.92801649e-03 -9.90279694e-04  1.78828795e-02]
 [-2.82695860e-03 -4.12960984e-03  1.63812341e+00]
 [-8.50065309e-05 -2.57837184e-04  1.08911351e+00]]","[[ 3.78689695e+02 -9.97930173e+01  1.43879599e+02]
 [-2.73163148e+02 -1.95266604e+02  2.98183554e+02]
 [-3.51116016e-02 -5.40164536e-02  1.00000000e+00]]",8
788,425393.086241,"[[ 1.15448396e-03 -1.12343520e-03  2.82900540e-01]
 [-1.40707762e-03 -2.53084795e-03  7.05741150e-01]
 [-4.37483176e-04 -4.67329795e-04  1.13335089e+00]]","[[ 5.63792917e+02 -2.53418584e+02  1.70737962e+01]
 [-2.85605516e+02 -3.18083946e+02  2.69363078e+02]
 [ 9.98613491e-02 -2.28981575e-01  1.00000000e+00]]",4,"[[ 1.92684508e-03 -9.87309981e-04  1.32775238e-02]
 [-2.82819859e-03 -4.14168715e-03  1.63476649e+00]
 [-8.88680182e-05 -2.63866791e-04  1.09093558e+00]]","[[ 3.79380652e+02 -9.96582347e+01  1.44720468e+02]
 [-2.72921783e+02 -1.95238347e+02  2.95886247e+02]
 [-3.51076539e-02 -5.53408904e-02  1.00000000e+00]]",8
789,425393.13865,"[[ 1.15430186e-03 -1.12209792e-03  2.79477457e-01]
 [-1.41401367e-03 -2.52264042e-03  7.03631246e-01]
 [-4.38168934e-04 -4.67933145e-04  1.13382349e+00]]","[[ 5.62620487e+02 -2.53744902e+02  1.87887259e+01]
 [-2.87855523e+02 -3.18154249e+02  2.68394864e+02]
 [ 9.86270614e-02 -2.29363789e-01  1.00000000e+00]]",4,"[[ 1.92137959e-03 -9.85667015e-04  1.09459716e-02]
 [-2.83454678e-03 -4.13154555e-03  1.63178908e+00]
 [-8.97199708e-05 -2.59852137e-04  1.08973208e+00]]","[[ 3.80002139e+02 -9.98183014e+01  1.45653161e+02]
 [-2.74174556e+02 -1.95185859e+02  2.95029638e+02]
 [-3.40919241e-02 -5.47613112e-02  1.00000000e+00]]",8
790,425393.19601,"[[ 1.14973346e-03 -1.12883575e-03  2.86826531e-01]
 [-1.42286348e-03 -2.52193162e-03  7.05598793e-01]
 [-4.38217678e-04 -4.65278559e-04  1.13303054e+00]]","[[ 5.61313372e+02 -2.54243280e+02  1.62345002e+01]
 [-2.89174540e+02 -3.17013250e+02  2.70625622e+02]
 [ 9.83475067e-02 -2.28514023e-01  1.00000000e+00]]",4,"[[ 1.92301076e-03 -9.96257929e-04  1.84871743e-02]
 [-2.86027070e-03 -4.13521004e-03  1.64029434e+00]
 [-8.81521628e-05 -2.62309549e-04  1.09059657e+00]]","[[ 3.77682303e+02 -1.00139242e+02  1.44210570e+02]
 [-2.75403662e+02 -1.94309601e+02  2.96916737e+02]
 [-3.57121044e-02 -5.48293992e-02  1.00000000e+00]]",8
791,425393.250018,"[[ 1.15409935e-03 -1.13572638e-03  2.83771938e-01]
 [-1.41845552e-03 -2.52175605e-03  7.02288881e-01]
 [-4.35696108e-04 -4.64314411e-04  1.13247325e+00]]","[[ 5.59511466e+02 -2.55327355e+02  1.81372138e+01]
 [-2.87609429e+02 -3.16416538e+02  2.68290047e+02]
 [ 9.73407239e-02 -2.27962907e-01  1.00000000e+00]]",4,"[[ 1.92225856e-03 -1.00279545e-03  1.64544661e-02]
 [-2.84957584e-03 -4.13637219e-03  1.63432040e+00]
 [-8.43563868e-05 -2.53585833e-04  1.08706502e+00]]","[[ 3.77664106e+02 -1.00468083e+02  1.45329648e+02]
 [-2.73835316e+02 -1.93455688e+02  2.94990995e+02]
 [-3.45723360e-02 -5.29248437e-02  1.00000000e+00]]",8
792,425393.303936,"[[ 1.19253810e-03 -1.14361552e-03  2.45376608e-01]
 [-1.39945816e-03 -2.55044940e-03  7.11954923e-01]
 [-4.25921037e-04 -4.86061165e-04  1.14214471e+00]]","[[ 5.52984967e+02 -2.55691323e+02  4.05825290e+01]
 [-2.79009277e+02 -3.15936642e+02  2.56880756e+02]
 [ 8.74778435e-02 -2.29803494e-01  1.00000000e+00]]",4,"[[ 1.91067776e-03 -9.98234852e-04 -1.73461953e-02]
 [-2.73595645e-03 -4.13780940e-03  1.60990383e+00]
 [-8.15561365e-05 -2.39860537e-04  1.08116357e+00]]","[[ 3.84266215e+02 -1.01852102e+02  1.57827779e+02]
 [-2.65740314e+02 -1.94068993e+02  2.84714394e+02]
 [-2.99689588e-02 -5.07380736e-02  1.00000000e+00]]",8
793,425393.358925,"[[ 1.20979642e-03 -1.12837960e-03  2.18092827e-01]
 [-1.39003672e-03 -2.58126660e-03  7.20474135e-01]
 [-4.28308684e-04 -5.06879236e-04  1.14975738e+00]]","[[ 5.54779925e+02 -2.52982546e+02  5.32928597e+01]
 [-2.74896233e+02 -3.16412215e+02  2.50417800e+02]
 [ 8.54770486e-02 -2.33734010e-01  1.00000000e+00]]",4,"[[ 1.89827268e-03 -9.73690103e-04 -4.19816502e-02]
 [-2.67374924e-03 -4.15990531e-03  1.60122747e+00]
 [-9.59905461e-05 -2.48583413e-04  1.08515257e+00]]","[[ 3.92007482e+02 -1.01622326e+02  1.65117409e+02]
 [-2.61686980e+02 -1.95797928e+02  2.78791183e+02]
 [-2.52702070e-02 -5.38421058e-02  1.00000000e+00]]",8
794,425393.412582,"[[ 1.22752438e-03 -1.10963212e-03  1.83101872e-01]
 [-1.37323056e-03 -2.60102936e-03  7.13797317e-01]
 [-4.23683687e-04 -5.27073102e-04  1.15438005e+00]]","[[ 5.56830924e+02 -2.51118851e+02  6.69547073e+01]
 [-2.71976336e+02 -3.16881756e+02  2.39079603e+02]
 [ 8.01891613e-02 -2.36849911e-01  1.00000000e+00]]",4,"[[ 1.88026608e-03 -9.43696295e-04 -7.24301200e-02]
 [-2.60757082e-03 -4.19152917e-03  1.57933422e+00]
 [-1.09999249e-04 -2.57870410e-04  1.08841663e+00]]","[[ 4.01749040e+02 -1.01123369e+02  1.73468802e+02]
 [-2.57630248e+02 -1.97114334e+02  2.68876106e+02]
 [-2.04362232e-02 -5.69207114e-02  1.00000000e+00]]",8
795,425393.466829,"[[ 1.23874989e-03 -1.09704834e-03  1.56429664e-01]
 [-1.35786832e-03 -2.60643262e-03  7.00519471e-01]
 [-4.20232691e-04 -5.37281438e-04  1.15513254e+00]]","[[ 5.58328754e+02 -2.50762585e+02  7.64629954e+01]
 [-2.70037737e+02 -3.17198238e+02  2.28930834e+02]
 [ 7.75164129e-02 -2.38763391e-01  1.00000000e+00]]",4,"[[ 1.86603036e-03 -9.25081312e-04 -9.44249239e-02]
 [-2.56019398e-03 -4.21014243e-03  1.55496938e+00]
 [-1.16280361e-04 -2.51899548e-04  1.08641023e+00]]","[[ 4.09035940e+02 -1.00620000e+02  1.79567719e+02]
 [-2.54347168e+02 -1.97199556e+02  2.60143501e+02]
 [-1.51941592e-02 -5.64930330e-02  1.00000000e+00]]",8
796,425393.52027599997,"[[ 1.23964211e-03 -1.08613191e-03  1.45560104e-01]
 [-1.35140731e-03 -2.60996103e-03  6.91511503e-01]
 [-4.22247594e-04 -5.44904011e-04  1.15542935e+00]]","[[ 5.61065787e+02 -2.49963080e+02  7.89174611e+01]
 [-2.69914116e+02 -3.17607925e+02  2.24088353e+02]
 [ 7.77471980e-02 -2.41132996e-01  1.00000000e+00]]",4,"[[ 1.85881075e-03 -9.11474655e-04 -1.03646807e-01]
 [-2.54939811e-03 -4.23151031e-03  1.54607159e+00]
 [-1.27476325e-04 -2.62511999e-04  1.09035028e+00]]","[[ 4.12979381e+02 -1.00206719e+02  1.81346086e+02]
 [-2.53467098e+02 -1.97613630e+02  2.56113810e+02]
 [-1.27418327e-02 -5.92928112e-02  1.00000000e+00]]",8
797,425393.575715,"[[ 1.20914009e-03 -1.06870064e-03  1.59862907e-01]
 [-1.35540038e-03 -2.57160987e-03  6.50939232e-01]
 [-4.27006841e-04 -5.38285175e-04  1.14519958e+00]]","[[ 5.69250082e+02 -2.49634756e+02  6.24302390e+01]
 [-2.79565894e+02 -3.18776654e+02  2.20220520e+02]
 [ 8.08483555e-02 -2.42917043e-01  1.00000000e+00]]",4,"[[ 1.85265887e-03 -8.92294632e-04 -9.24556124e-02]
 [-2.63649063e-03 -4.27121606e-03  1.54069493e+00]
 [-1.40302320e-04 -2.80193498e-04  1.09544137e+00]]","[[ 4.13727450e+02 -9.77398994e+01  1.72386033e+02]
 [-2.60281845e+02 -1.96432843e+02  2.54307146e+02]
 [-1.35857198e-02 -6.27622272e-02  1.00000000e+00]]",8
798,425393.629486,"[[ 1.19540962e-03 -1.07487610e-03  2.02003463e-01]
 [-1.36107954e-03 -2.50830108e-03  6.07949810e-01]
 [-3.94193718e-04 -5.44160921e-04  1.13514549e+00]]","[[ 5.64047624e+02 -2.48847589e+02  3.29008671e+01]
 [-2.92590186e+02 -3.22002003e+02  2.24522134e+02]
 [ 5.56121534e-02 -2.40775360e-01  1.00000000e+00]]",3,"[[ 1.88117175e-03 -8.98080824e-04 -6.16157258e-02]
 [-2.64558339e-03 -4.00583558e-03  1.47246806e+00]
 [-2.54084624e-05 -1.48282498e-04  1.04302401e+00]]","[[ 3.99515364e+02 -9.54291146e+01  1.58321142e+02]
 [-2.74626744e+02 -1.97802503e+02  2.63020351e+02]
 [-2.93102251e-02 -3.04454700e-02  1.00000000e+00]]",8
803,425393.848859,"[[ 1.23613001e-03 -1.95493450e-03  8.45766338e-01]
 [-1.65870386e-03 -2.30150604e-03  9.18901153e-02]
 [-3.38742671e-04 -1.00185798e-03  1.15125096e+00]]","[[ 4.20123300e+02 -2.30514210e+02 -2.90244419e+02]
 [-3.08570165e+02 -2.80831186e+02  2.49106300e+02]
 [-1.44911750e-01 -3.12215125e-01  1.00000000e+00]]",1,"[[ 2.83641097e-03 -2.07576266e-03  6.48404010e-01]
 [-4.56418546e-03 -4.94301539e-03  1.35673588e+00]
 [ 3.20062346e-04 -9.00709908e-04  1.26628272e+00]]","[[ 2.14399561e+02 -8.70191211e+01 -1.65488886e+01]
 [-2.64477463e+02 -1.44040337e+02  2.89755940e+02]
 [-2.42314526e-01 -8.04615060e-02  1.00000000e+00]]",8
804,425393.903447,"[[ 1.00477199e-03 -4.09400050e-04  6.31922770e-01]
 [-1.25938587e-03 -1.79807653e-03  3.16873218e-02]
 [-8.04308850e-05  4.46065466e-04  8.02113334e-01]]","[[ 6.27148694e+02 -2.62790087e+02 -4.83700257e+02]
 [-4.33898912e+02 -3.68938433e+02  3.56410075e+02]
 [ 3.04183255e-01  1.78820434e-01  1.00000000e+00]]",1,"[[ 2.97396017e-03  3.50830606e-04  1.87652980e-01]
 [-3.83849889e-03 -4.06984363e-03  1.08881007e+00]
 [ 1.18102941e-03  1.56146748e-03  5.51192353e-01]]","[[ 3.66593711e+02 -9.26279604e+00 -1.06509055e+02]
 [-3.16231547e+02 -1.31785341e+02  3.67985873e+02]
 [ 1.10355888e-01  3.93180634e-01  1.00000000e+00]]",8
805,425393.955902,"[[ 1.02750515e-03 -1.49794956e-03  8.34227729e-01]
 [-1.50664396e-03 -2.06519200e-03  2.52880462e-02]
 [-3.56780619e-04 -6.09967046e-04  1.04141384e+00]]","[[ 4.87635771e+02 -2.40046743e+02 -3.84793203e+02]
 [-3.56260143e+02 -3.12339423e+02  2.92967629e+02]
 [-4.16049348e-02 -2.65178711e-01  1.00000000e+00]]",1,"[[ 2.64860942e-03 -1.43996386e-03  6.26342676e-01]
 [-4.44917955e-03 -4.57645356e-03  1.23442337e+00]
 [ 3.06440613e-04 -3.31721359e-04  1.12643964e+00]]","[[ 2.56133463e+02 -7.63314489e+01 -5.87710087e+01]
 [-2.90913212e+02 -1.50668044e+02  3.26870168e+02]
 [-1.55349488e-01 -2.36042405e-02  1.00000000e+00]]",8
807,425394.056764,"[[ 9.38407160e-04 -1.31532770e-03  7.83034729e-01]
 [-1.37714964e-03 -1.98971781e-03  4.18667704e-02]
 [-3.85793491e-04 -4.66535629e-04  9.84122247e-01]]","[[ 5.26996634e+02 -2.52579136e+02 -4.08569154e+02]
 [-3.64036082e+02 -3.33172282e+02  3.03825814e+02]
 [ 3.40161689e-02 -2.56960076e-01  1.00000000e+00]]",1,"[[ 2.50584472e-03 -1.22771406e-03  5.81701893e-01]
 [-4.12697746e-03 -4.39055850e-03  1.18067983e+00]
 [ 2.44223897e-04 -1.50774133e-04  1.06707248e+00]]","[[ 2.80483077e+02 -7.60700129e+01 -6.87331069e+01]
 [-2.92002672e+02 -1.57563196e+02  3.33520169e+02]
 [-1.05454055e-01 -4.85284684e-03  1.00000000e+00]]",8
808,425394.10638,"[[ 1.13199007e-03 -1.51625676e-03  8.19581474e-01]
 [-1.48056960e-03 -2.17927869e-03  7.69020108e-02]
 [-3.11191103e-04 -6.15966145e-04  1.05974991e+00]]","[[ 4.80092433e+02 -2.33882569e+02 -3.54318334e+02]
 [-3.27918707e+02 -3.08726769e+02  2.76006446e+02]
 [-4.96214509e-02 -2.48122136e-01  1.00000000e+00]]",1,"[[ 2.84883280e-03 -1.44457923e-03  5.75252131e-01]
 [-4.30459779e-03 -4.69870393e-03  1.27824256e+00]
 [ 4.42112960e-04 -3.14551018e-04  1.11747360e+00]]","[[ 2.47325388e+02 -7.31137382e+01 -4.36854746e+01]
 [-2.74197085e+02 -1.49415729e+02  3.12062854e+02]
 [-1.75032977e-01 -1.31317093e-02  1.00000000e+00]]",8
809,425394.156288,"[[ 8.90795141e-04 -1.24464880e-03  7.29930840e-01]
 [-1.30803984e-03 -1.96951150e-03  9.06047590e-02]
 [-4.32320873e-04 -4.31828859e-04  9.62867409e-01]]","[[ 5.49079926e+02 -2.61117929e+02 -3.91675780e+02]
 [-3.60770225e+02 -3.46870176e+02  3.06132910e+02]
 [ 8.47341159e-02 -2.72805249e-01  1.00000000e+00]]",1,"[[ 2.32677291e-03 -1.16742691e-03  5.40114482e-01]
 [-3.78642950e-03 -4.23621415e-03  1.15967763e+00]
 [ 1.17487482e-04 -1.36405049e-04  1.05300677e+00]]","[[ 3.01362316e+02 -8.09432639e+01 -6.54336333e+01]
 [-2.88811241e+02 -1.67166507e+02  3.32239451e+02]
 [-7.10362106e-02 -1.26234091e-02  1.00000000e+00]]",8
814,425394.382922,"[[ 1.17786576e-03 -1.14945271e-03  2.98540350e-01]
 [-1.40039514e-03 -2.51226867e-03  6.22035471e-01]
 [-5.14328157e-04 -1.11214317e-03  1.27617496e+00]]","[[ 5.50319582e+02 -2.48398346e+02 -7.66354046e+00]
 [-3.21138553e+02 -3.62613668e+02  2.51870934e+02]
 [-5.80697733e-02 -4.16115809e-01  1.00000000e+00]]",1,"[[ 2.06400399e-03 -1.04000268e-03  2.08566570e-02]
 [-3.33186180e-03 -3.63024992e-03  1.47568416e+00]
 [-4.21009621e-04 -9.01852288e-04  1.31244786e+00]]","[[ 3.13347876e+02 -1.22845430e+02  1.33144844e+02]
 [-3.42363498e+02 -2.48008724e+02  2.84295563e+02]
 [-1.34739702e-01 -2.09826501e-01  1.00000000e+00]]",8
815,425394.429053,"[[ 1.19810584e-03 -1.09426109e-03  2.25655563e-01]
 [-1.30225436e-03 -2.46378474e-03  6.38467107e-01]
 [-3.12143306e-04 -5.19878775e-04  1.13593960e+00]]","[[ 5.63594271e+02 -2.57192491e+02  3.25992362e+01]
 [-2.92443184e+02 -3.27039436e+02  2.41910180e+02]
 [ 2.10285605e-02 -2.20347786e-01  1.00000000e+00]]",3,"[[ 1.93659344e-03 -9.51821351e-04 -3.85475948e-02]
 [-2.84312974e-03 -3.56077405e-03  1.41832851e+00]
 [ 2.21109734e-04  2.72664859e-05  9.58263389e-01]]","[[ 3.59389691e+02 -9.48814596e+01  1.54891326e+02]
 [-3.16402588e+02 -1.94157961e+02  2.74646006e+02]
 [-7.39226533e-02  2.74175345e-02  1.00000000e+00]]",8
816,425394.47893599997,"[[ 1.24809078e-03 -1.03364596e-03  1.55817500e-01]
 [-1.25319112e-03 -2.65187462e-03  6.97139561e-01]
 [-4.25576857e-04 -5.27269003e-04  1.15038631e+00]]","[[ 5.82632103e+02 -2.40369532e+02  6.67487363e+01]
 [-2.48628358e+02 -3.26179033e+02  2.31342249e+02]
 [ 1.01583887e-01 -2.38424084e-01  1.00000000e+00]]",4,"[[ 1.91295491e-03 -8.45796728e-04 -1.10456666e-01]
 [-2.40414463e-03 -4.22684451e-03  1.52891636e+00]
 [-1.16888838e-04 -2.67064225e-04  1.09051169e+00]]","[[ 4.15162518e+02 -9.40639644e+01  1.73930645e+02]
 [-2.41426126e+02 -2.04877116e+02  2.62787508e+02]
 [-1.46247097e-02 -6.02564613e-02  1.00000000e+00]]",8
817,425394.536668,"[[ 1.24795642e-03 -1.00881160e-03  1.43488903e-01]
 [-1.23822789e-03 -2.65523807e-03  6.81950031e-01]
 [-4.25517755e-04 -5.34393835e-04  1.14911088e+00]]","[[ 5.88839436e+02 -2.37259200e+02  6.72754872e+01]
 [-2.48244326e+02 -3.27673898e+02  2.25459122e+02]
 [ 1.02602281e-01 -2.40242189e-01  1.00000000e+00]]",4,"[[ 1.90877343e-03 -8.13300585e-04 -1.23492564e-01]
 [-2.38507427e-03 -4.25225688e-03  1.51405600e+00]
 [-1.24982512e-04 -2.76763047e-04  1.09325995e+00]]","[[ 4.20607471e+02 -9.18150855e+01  1.74665756e+02]
 [-2.40471852e+02 -2.05973890e+02  2.58090052e+02]
 [-1.27921487e-02 -6.26394858e-02  1.00000000e+00]]",8
818,425394.594438,"[[ 1.23927374e-03 -1.00494396e-03  1.51613419e-01]
 [-1.23897968e-03 -2.64210751e-03  6.73039144e-01]
 [-4.26010856e-04 -5.29942075e-04  1.14582688e+00]]","[[ 5.90947094e+02 -2.37010569e+02  6.10230763e+01]
 [-2.50682468e+02 -3.28491007e+02  2.26119789e+02]
 [ 1.03770204e-01 -2.40045233e-01  1.00000000e+00]]",4,"[[ 1.91174598e-03 -8.08160354e-04 -1.17816114e-01]
 [-2.41035741e-03 -4.25688499e-03  1.51539074e+00]
 [-1.28149311e-04 -2.85066766e-04  1.09578686e+00]]","[[ 4.19654483e+02 -9.11316164e+01  1.71148309e+02]
 [-2.42616742e+02 -2.06202678e+02  2.59077270e+02]
 [-1.40388042e-02 -6.43008118e-02  1.00000000e+00]]",8
819,425394.651125,"[[ 1.20935798e-03 -1.00932512e-03  1.82810167e-01]
 [-1.24049794e-03 -2.61058912e-03  6.47136499e-01]
 [-4.26670947e-04 -5.06255162e-04  1.13292094e+00]]","[[ 5.96474051e+02 -2.38350805e+02  3.99003878e+01]
 [-2.56117007e+02 -3.28428272e+02  2.28929227e+02]
 [ 1.10190912e-01 -2.36526542e-01  1.00000000e+00]]",4,"[[ 1.92529700e-03 -8.19693534e-04 -9.15173388e-02]
 [-2.49515330e-03 -4.27695487e-03  1.52198744e+00]
 [-1.15657472e-04 -2.79136808e-04  1.09180915e+00]]","[[ 4.12929208e+02 -8.95451713e+01  1.59438862e+02]
 [-2.47887542e+02 -2.03457148e+02  2.62841921e+02]
 [-1.96336410e-02 -6.15024584e-02  1.00000000e+00]]",8
820,425394.711649,"[[ 1.16701909e-03 -1.01950607e-03  2.20585918e-01]
 [-1.25171635e-03 -2.54055256e-03  5.89822150e-01]
 [-4.27657084e-04 -4.87584470e-04  1.11500733e+00]]","[[ 6.00128075e+02 -2.42678869e+02  9.64798106e+00]
 [-2.69613237e+02 -3.29065806e+02  2.27409432e+02]
 [ 1.12277105e-01 -2.36976660e-01  1.00000000e+00]]",4,"[[ 1.93573301e-03 -8.36177653e-04 -5.75732112e-02]
 [-2.65213755e-03 -4.30974038e-03  1.51851453e+00]
 [-1.15152529e-04 -2.85998823e-04  1.09202444e+00]]","[[ 4.04543726e+02 -8.80281996e+01  1.43735778e+02]
 [-2.57698460e+02 -1.99545942e+02  2.63892341e+02]
 [-2.48320662e-02 -6.15431048e-02  1.00000000e+00]]",8
872,425397.261685,"[[ 1.20939428e-03 -1.23984279e-03  3.01457745e-01]
 [-1.54495934e-03 -2.54779428e-03  6.71275377e-01]
 [-7.51946866e-04 -1.12998518e-03  1.29857848e+00]]","[[ 5.10323087e+02 -2.54040942e+02  1.28529638e+01]
 [-3.00490151e+02 -3.59665298e+02  2.55679226e+02]
 [ 3.40267678e-02 -4.60073653e-01  1.00000000e+00]]",1,"[[ 2.04599210e-03 -1.13124357e-03  3.04154981e-02]
 [-3.50103993e-03 -3.63774781e-03  1.54126982e+00]
 [-8.55398548e-04 -9.25150722e-04  1.38696553e+00]]","[[ 3.17409323e+02 -1.35123392e+02  1.43195658e+02]
 [-3.10209480e+02 -2.51131673e+02  2.85873610e+02]
 [-1.11603716e-02 -2.50849061e-01  1.00000000e+00]]",8
873,425397.315066,"[[ 1.26947330e-03 -1.14388750e-03  1.56473863e-01]
 [-1.36958311e-03 -2.58834457e-03  7.05888915e-01]
 [-4.03615255e-04 -5.03647492e-04  1.14872600e+00]]","[[ 5.39472129e+02 -2.54551239e+02  8.29367582e+01]
 [-2.65506979e+02 -3.13536825e+02  2.28833572e+02]
 [ 7.31395102e-02 -2.26905981e-01  1.00000000e+00]]",4,"[[ 1.88763842e-03 -9.71533441e-04 -9.34775166e-02]
 [-2.55098351e-03 -4.14264832e-03  1.54282916e+00]
 [-7.28949261e-05 -1.50650515e-04  1.05246623e+00]]","[[ 4.00805411e+02 -1.00657376e+02  1.83154028e+02]
 [-2.49787594e+02 -1.92253401e+02  2.59642182e+02]
 [-7.99450719e-03 -3.44908795e-02  1.00000000e+00]]",8
874,425397.37392,"[[ 1.30558753e-03 -1.10980476e-03  1.05640158e-01]
 [-1.34860674e-03 -2.64877964e-03  7.28605711e-01]
 [-4.03002124e-04 -5.37932854e-04  1.16174995e+00]]","[[ 5.41943648e+02 -2.48741116e+02  1.06721060e+02]
 [-2.56940237e+02 -3.14706299e+02  2.20735980e+02]
 [ 6.90233268e-02 -2.32006944e-01  1.00000000e+00]]",4,"[[ 1.87606112e-03 -9.24380542e-04 -1.38587878e-01]
 [-2.43528969e-03 -4.18000411e-03  1.53229406e+00]
 [-1.09799085e-04 -1.97587670e-04  1.07137991e+00]]","[[ 4.13710284e+02 -1.00836042e+02  1.97731633e+02]
 [-2.41836638e+02 -1.97636186e+02  2.51377804e+02]
 [-2.20176531e-03 -4.67828250e-02  1.00000000e+00]]",8
875,425397.426836,"[[ 1.35756261e-03 -1.05750315e-03  2.92185249e-02]
 [-1.31161266e-03 -2.74569131e-03  7.60037040e-01]
 [-3.98565688e-04 -5.90377331e-04  1.17990954e+00]]","[[ 5.45697205e+02 -2.40592892e+02  1.41464270e+02]
 [-2.43359838e+02 -3.15466251e+02  2.09233540e+02]
 [ 6.25658559e-02 -2.39116800e-01  1.00000000e+00]]",4,"[[ 1.85845940e-03 -8.56119363e-04 -2.03733681e-01]
 [-2.25732468e-03 -4.22992196e-03  1.50883528e+00]
 [-1.44389770e-04 -2.35718625e-04  1.08817135e+00]]","[[ 4.33669503e+02 -1.00026611e+02  2.19888867e+02]
 [-2.28565382e+02 -2.03488954e+02  2.39360140e+02]
 [ 8.03211929e-03 -5.73521405e-02  1.00000000e+00]]",8
876,425397.484109,"[[ 1.39174648e-03 -1.02216285e-03 -2.31284137e-02]
 [-1.27221586e-03 -2.79499156e-03  7.64289481e-01]
 [-3.86135724e-04 -6.14176982e-04  1.18531533e+00]]","[[ 5.47852747e+02 -2.36168007e+02  1.62970716e+02]
 [-2.33676310e+02 -3.16112323e+02  1.99269135e+02]
 [ 5.73914000e-02 -2.40730723e-01  1.00000000e+00]]",4,"[[ 1.84949256e-03 -8.12130238e-04 -2.47202780e-01]
 [-2.13165384e-03 -4.25651794e-03  1.47661320e+00]
 [-1.54937175e-04 -2.41344968e-04  1.09171186e+00]]","[[ 4.46762404e+02 -9.85334093e+01  2.34436073e+02]
 [-2.18498702e+02 -2.06257699e+02  2.29501359e+02]
 [ 1.51015510e-02 -5.95814227e-02  1.00000000e+00]]",8
877,425397.537744,"[[ 1.40235640e-03 -1.00618405e-03 -4.32675326e-02]
 [-1.25787290e-03 -2.81434906e-03  7.61581580e-01]
 [-3.82476609e-04 -6.24521509e-04  1.18660745e+00]]","[[ 5.49443413e+02 -2.34244022e+02  1.70375631e+02]
 [-2.30473613e+02 -3.16074471e+02  1.94457290e+02]
 [ 5.58006984e-02 -2.41856027e-01  1.00000000e+00]]",4,"[[ 1.84479909e-03 -7.92497955e-04 -2.63849596e-01]
 [-2.09065951e-03 -4.27653180e-03  1.46312209e+00]
 [-1.61584652e-04 -2.45833349e-04  1.09402973e+00]]","[[ 4.52428754e+02 -9.76179826e+01  2.39664575e+02]
 [-2.14831948e+02 -2.06955023e+02  2.24963852e+02]
 [ 1.85485684e-02 -6.09215746e-02  1.00000000e+00]]",8
878,425397.595662,"[[ 1.41190520e-03 -9.81225114e-04 -6.80433799e-02]
 [-1.23588048e-03 -2.82497495e-03  7.45974134e-01]
 [-3.76646029e-04 -6.37573799e-04  1.18572330e+00]]","[[ 5.52561772e+02 -2.32028577e+02  1.77685205e+02]
 [-2.27721927e+02 -3.16941713e+02  1.86329602e+02]
 [ 5.30736496e-02 -2.44126412e-01  1.00000000e+00]]",4,"[[ 1.83888518e-03 -7.62926260e-04 -2.84774800e-01]
 [-2.04345965e-03 -4.30204333e-03  1.43767705e+00]
 [-1.69071552e-04 -2.54396582e-04  1.09684196e+00]]","[[ 4.59655124e+02 -9.60145602e+01  2.45191318e+02]
 [-2.11012433e+02 -2.07901243e+02  2.17719445e+02]
 [ 2.19117834e-02 -6.30197411e-02  1.00000000e+00]]",8
879,425397.65308899997,"[[ 1.39803225e-03 -9.65593186e-04 -6.14215150e-02]
 [-1.22595298e-03 -2.80901898e-03  7.20639526e-01]
 [-3.78783549e-04 -6.33698196e-04  1.17993934e+00]]","[[ 5.59161845e+02 -2.30540763e+02  1.69908187e+02]
 [-2.29625001e+02 -3.18209519e+02  1.82391106e+02]
 [ 5.61794632e-02 -2.44905680e-01  1.00000000e+00]]",4,"[[ 1.83959152e-03 -7.44131975e-04 -2.82179471e-01]
 [-2.06171482e-03 -4.32794572e-03  1.42715414e+00]
 [-1.71140107e-04 -2.64477453e-04  1.09806856e+00]]","[[ 4.60720795e+02 -9.39082815e+01  2.40447229e+02]
 [-2.12689017e+02 -2.07638856e+02  2.15210769e+02]
 [ 2.05782749e-02 -6.46473923e-02  1.00000000e+00]]",8
880,425397.710255,"[[ 1.38083732e-03 -9.66887508e-04 -3.94528946e-02]
 [-1.23138887e-03 -2.78085410e-03  7.06915699e-01]
 [-3.81177683e-04 -6.21024802e-04  1.17461249e+00]]","[[ 5.62051808e+02 -2.30635997e+02  1.57681601e+02]
 [-2.33960678e+02 -3.19432121e+02  1.84385197e+02]
 [ 5.86969935e-02 -2.43730224e-01  1.00000000e+00]]",4,"[[ 1.84567439e-03 -7.43841400e-04 -2.66752971e-01]
 [-2.10878031e-03 -4.32367933e-03  1.43209879e+00]
 [-1.64297698e-04 -2.62795447e-04  1.09543721e+00]]","[[ 4.56603424e+02 -9.26757358e+01  2.32346617e+02]
 [-2.17280402e+02 -2.07147887e+02  2.17900254e+02]
 [ 1.63574786e-02 -6.35946370e-02  1.00000000e+00]]",8
881,425397.76387799997,"[[ 1.33261229e-03 -9.82718933e-04  2.38319491e-02]
 [-1.24055651e-03 -2.72118140e-03  6.71714301e-01]
 [-3.94902693e-04 -5.93616595e-04  1.16179990e+00]]","[[ 5.70175544e+02 -2.32710643e+02  1.22849616e+02]
 [-2.42707950e+02 -3.21467935e+02  1.90840791e+02]
 [ 6.97954880e-02 -2.43352370e-01  1.00000000e+00]]",4,"[[ 1.86700647e-03 -7.62498246e-04 -2.19607759e-01]
 [-2.24233578e-03 -4.33518320e-03  1.45118150e+00]
 [-1.52823627e-04 -2.71740709e-04  1.09353995e+00]]","[[ 4.43342688e+02 -9.11399253e+01  2.09980503e+02]
 [-2.27499154e+02 -2.04831542e+02  2.26134550e+02]
 [ 5.42500174e-03 -6.36368179e-02  1.00000000e+00]]",8
882,425397.816653,"[[ 1.30356529e-03 -9.97004175e-04  6.06012826e-02]
 [-1.25463273e-03 -2.68105104e-03  6.55368278e-01]
 [-4.00714017e-04 -5.72790153e-04  1.15373943e+00]]","[[ 5.72684538e+02 -2.35064985e+02  1.03445123e+02]
 [-2.49674281e+02 -3.22023416e+02  1.96036044e+02]
 [ 7.49491181e-02 -2.41515259e-01  1.00000000e+00]]",4,"[[ 1.87673833e-03 -7.82200367e-04 -1.89910754e-01]
 [-2.33103733e-03 -4.32738868e-03  1.46491154e+00]
 [-1.41414059e-04 -2.64434737e-04  1.08931305e+00]]","[[ 4.35055978e+02 -9.07296107e+01  1.97861085e+02]
 [-2.34503496e+02 -2.02871537e+02  2.31938946e+02]
 [-4.47840545e-04 -6.10262807e-02  1.00000000e+00]]",8
883,425397.86897,"[[ 1.23111784e-03 -1.03072913e-03  1.42495589e-01]
 [-1.29008033e-03 -2.60027530e-03  6.09192007e-01]
 [-4.10862088e-04 -5.31213529e-04  1.13282063e+00]]","[[ 5.78691809e+02 -2.40993860e+02  5.68055535e+01]
 [-2.67301718e+02 -3.20722084e+02  2.06096746e+02]
 [ 8.45396293e-02 -2.37802123e-01  1.00000000e+00]]",4,"[[ 1.89268920e-03 -8.31990689e-04 -1.19694944e-01]
 [-2.57143926e-03 -4.36098209e-03  1.50115449e+00]
 [-1.27165767e-04 -2.69351190e-04  1.08732320e+00]]","[[ 4.17328345e+02 -9.01421099e+01  1.70390299e+02]
 [-2.50648566e+02 -1.96542453e+02  2.43753851e+02]
 [-1.32827206e-02 -5.92297984e-02  1.00000000e+00]]",8
884,425397.924726,"[[ 1.11301061e-03 -1.04762284e-03  2.54271401e-01]
 [-1.34807541e-03 -2.28560350e-03  4.65822719e-01]
 [-2.56130658e-04 -4.83833887e-04  1.09929741e+00]]","[[ 5.78128343e+02 -2.60004630e+02 -2.35472580e+01]
 [-3.44429695e+02 -3.25732864e+02  2.17695763e+02]
 [-1.68929397e-02 -2.03944585e-01  1.00000000e+00]]",2,"[[ 1.95991450e-03 -9.31739303e-04 -9.59261655e-03]
 [-3.46692389e-03 -3.54819816e-03  1.36220046e+00]
 [ 2.29740566e-04  7.32189689e-05  9.51646346e-01]]","[[ 3.41341368e+02 -8.69939280e+01  1.27965106e+02]
 [-3.54682260e+02 -1.83353266e+02  2.58879334e+02]
 [-5.51155268e-02  3.51086004e-02  1.00000000e+00]]",8
889,425398.163033,"[[ 9.69606088e-04 -1.53790904e-03  7.13750177e-01]
 [-1.59691106e-03 -2.04321533e-03  1.96365394e-01]
 [-4.79231289e-04 -6.17121682e-04  1.06011472e+00]]","[[ 4.60863875e+02 -2.68173198e+02 -2.60614942e+02]
 [-3.60333108e+02 -3.08753561e+02  2.99794285e+02]
 [-1.42341683e-03 -3.00963187e-01  1.00000000e+00]]",1,"[[ 2.17771103e-03 -1.54756393e-03  5.36377007e-01]
 [-3.90209834e-03 -4.20505188e-03  1.26828669e+00]
 [ 4.12109635e-05 -3.74021252e-04  1.12028858e+00]]","[[ 2.78788359e+02 -1.00887617e+02 -1.92640045e+01]
 [-2.91109789e+02 -1.59090470e+02  3.19486362e+02]
 [-1.07445873e-01 -4.94029324e-02  1.00000000e+00]]",8
890,425398.215048,"[[ 6.19462806e-04 -1.16522411e-03  6.89349905e-01]
 [-1.50071491e-03 -1.75936217e-03  1.82118607e-01]
 [-5.72215994e-04 -3.68682128e-04  9.47309989e-01]]","[[ 5.63502326e+02 -2.99337285e+02 -3.52509093e+02]
 [-4.64124628e+02 -3.45700352e+02  4.04200039e+02]
 [ 1.59747696e-01 -3.15355192e-01  1.00000000e+00]]",2,"[[ 1.90446704e-03 -1.37827352e-03  5.69588737e-01]
 [-4.42053636e-03 -3.42492611e-03  1.32305127e+00]
 [-1.37052754e-04 -2.02788629e-04  1.07959530e+00]]","[[ 2.71829932e+02 -1.08793623e+02 -1.00887121e+01]
 [-3.63926188e+02 -1.69168075e+02  3.99322128e+02]
 [-3.38506954e-02 -4.55872935e-02  1.00000000e+00]]",8
892,425398.323908,"[[ 5.70769209e-04 -1.18838039e-03  7.99010712e-01]
 [-1.62954139e-03 -1.70514547e-03  1.92522387e-01]
 [-5.43267470e-04 -3.07008982e-04  9.37313907e-01]]","[[ 5.28961387e+02 -2.98506451e+02 -3.89599085e+02]
 [-4.88975335e+02 -3.33040041e+02  4.85231459e+02]
 [ 1.46426607e-01 -2.82098800e-01  1.00000000e+00]]",2,"[[ 2.02285374e-03 -1.52350958e-03  7.25456805e-01]
 [-4.92838207e-03 -3.22782790e-03  1.36411256e+00]
 [-2.15529997e-05 -1.83294606e-04  1.08230914e+00]]","[[ 2.31051808e+02 -1.07989103e+02 -1.87643381e+01]
 [-3.77880378e+02 -1.57074419e+02  4.51260237e+02]
 [-5.93948377e-02 -2.87518434e-02  1.00000000e+00]]",8
893,425398.375949,"[[ 5.91589916e-04 -1.24720855e-03  8.09960358e-01]
 [-1.50784563e-03 -1.70321449e-03  1.83164769e-01]
 [-5.50727696e-04 -3.02633195e-04  9.19832257e-01]]","[[ 5.23245824e+02 -3.12340208e+02 -3.98549464e+02]
 [-4.45291197e+02 -3.42853763e+02  4.60374101e+02]
 [ 1.66776136e-01 -2.99808286e-01  1.00000000e+00]]",1,"[[ 1.82507127e-03 -1.37308815e-03  7.32538046e-01]
 [-4.09924554e-03 -3.56069240e-03  1.24252741e+00]
 [-7.76855872e-05 -8.92501844e-05  1.03300915e+00]]","[[ 2.94160964e+02 -1.11570671e+02 -7.43986450e+01]
 [-3.41220659e+02 -1.60155033e+02  4.34608089e+02]
 [-7.35902440e-03 -2.22275856e-02  1.00000000e+00]]",8
894,425398.43143,"[[ 6.27732902e-04 -1.13548111e-03  8.23978837e-01]
 [-1.53418206e-03 -1.67581652e-03  1.85198842e-01]
 [-4.63423670e-04 -1.61490417e-04  8.85633548e-01]]","[[ 5.20490885e+02 -3.12296172e+02 -4.18950463e+02]
 [-4.55582537e+02 -3.35645182e+02  4.94054758e+02]
 [ 1.89283235e-01 -2.24617642e-01  1.00000000e+00]]",1,"[[ 2.02014755e-03 -1.20064241e-03  7.10852660e-01]
 [-4.24555903e-03 -3.49237025e-03  1.26072169e+00]
 [ 1.60755281e-04  1.47630458e-04  9.45214389e-01]]","[[ 2.86949937e+02 -1.02020805e+02 -7.97271869e+01]
 [-3.46894109e+02 -1.47722609e+02  4.57914842e+02]
 [ 5.37805829e-03  4.04233580e-02  1.00000000e+00]]",8
895,425398.485419,"[[ 7.76078606e-04 -1.42348924e-03  9.52320922e-01]
 [-1.74719806e-03 -1.83967694e-03  2.05513677e-01]
 [-4.20608311e-04 -3.40696818e-04  1.00188509e+00]]","[[ 4.52923189e+02 -2.81420619e+02 -3.72789699e+02]
 [-4.25061055e+02 -3.00929848e+02  4.65761731e+02]
 [ 4.56003474e-02 -2.20478071e-01  1.00000000e+00]]",1,"[[ 2.36894222e-03 -1.55790037e-03  8.20668904e-01]
 [-4.76749981e-03 -3.77659205e-03  1.39293311e+00]
 [ 3.40724845e-04 -8.17655182e-05  1.05535348e+00]]","[[ 2.36459551e+02 -9.63143205e+01 -5.67540597e+01]
 [-3.36268817e+02 -1.35609735e+02  4.40478626e+02]
 [-1.02394923e-01  2.05888189e-02  1.00000000e+00]]",8
899,425398.695755,"[[ 7.38154107e-04 -1.37835437e-03  7.84871800e-01]
 [-1.97080889e-03 -1.90142444e-03  4.80238407e-01]
 [-8.15352897e-04 -9.74256334e-04  1.28526023e+00]]","[[ 4.79597478e+02 -2.44386774e+02 -2.01561220e+02]
 [-5.19764448e+02 -3.85597316e+02  4.61484051e+02]
 [-8.97426137e-02 -4.47327379e-01  1.00000000e+00]]",1,"[[ 2.12356102e-03 -1.74244781e-03  6.71178665e-01]
 [-5.35014431e-03 -2.58683982e-03  1.39869836e+00]
 [-1.14081345e-03 -8.45475882e-04  1.42839128e+00]]","[[ 1.69580957e+02 -1.29689259e+02  4.73098895e+01]
 [-4.08111808e+02 -2.56415565e+02  4.42850624e+02]
 [-1.06125301e-01 -2.55353300e-01  1.00000000e+00]]",8
900,425398.745986,"[[ 7.52143243e-04 -1.35239169e-03  7.18236262e-01]
 [-1.89807405e-03 -1.96106904e-03  5.50591775e-01]
 [-5.05498238e-04 -5.72230730e-04  1.16860179e+00]]","[[ 4.89032768e+02 -2.89318795e+02 -1.64251433e+02]
 [-4.79910006e+02 -3.07283570e+02  4.39736256e+02]
 [-2.34588470e-02 -2.75617619e-01  1.00000000e+00]]",1,"[[ 1.98603736e-03 -1.63561307e-03  5.79854171e-01]
 [-4.90461277e-03 -2.67522623e-03  1.44354884e+00]
 [-2.38092919e-04 -3.09434331e-04  1.14697758e+00]]","[[ 1.96603814e+02 -1.27226540e+02  6.07302042e+01]
 [-3.96079755e+02 -1.81175305e+02  4.28259372e+02]
 [-6.60437479e-02 -7.52879559e-02  1.00000000e+00]]",8
901,425398.8042,"[[ 8.02278869e-04 -1.33653158e-03  6.62994186e-01]
 [-1.83672933e-03 -2.16812839e-03  6.75871220e-01]
 [-5.76606726e-04 -3.93210543e-04  1.09156664e+00]]","[[ 5.00894493e+02 -2.85678122e+02 -1.27347714e+02]
 [-3.85095079e+02 -2.99938167e+02  4.19612835e+02]
 [ 1.25870179e-01 -2.58951460e-01  1.00000000e+00]]",3,"[[ 1.89965891e-03 -1.47275281e-03  4.68272625e-01]
 [-4.28412192e-03 -3.73473743e-03  1.86377645e+00]
 [-7.05714281e-05 -2.49167362e-04  1.10834981e+00]]","[[ 2.74168455e+02 -1.13072718e+02  7.43056799e+01]
 [-3.44428113e+02 -1.59542269e+02  4.13802010e+02]
 [-5.99736510e-02 -4.30662133e-02  1.00000000e+00]]",8
902,425398.856287,"[[ 8.20765608e-04 -1.32538806e-03  6.43840926e-01]
 [-1.82337084e-03 -2.19894747e-03  6.88163697e-01]
 [-5.73997997e-04 -4.04072770e-04  1.09794594e+00]]","[[ 5.06042894e+02 -2.83085975e+02 -1.19315195e+02]
 [-3.80660942e+02 -3.01011810e+02  4.11887758e+02]
 [ 1.24462308e-01 -2.58775453e-01  1.00000000e+00]]",3,"[[ 1.90060237e-03 -1.44614557e-03  4.42890737e-01]
 [-4.21045055e-03 -3.77726543e-03  1.86819673e+00]
 [-7.28922193e-05 -2.57409806e-04  1.11071627e+00]]","[[ 2.79965096e+02 -1.12470044e+02  7.75375529e+01]
 [-3.42209644e+02 -1.61539992e+02  4.08160012e+02]
 [-6.09344102e-02 -4.48180786e-02  1.00000000e+00]]",8
903,425398.912928,"[[ 8.23123908e-04 -1.33038946e-03  6.39762751e-01]
 [-1.82345462e-03 -2.20422026e-03  6.88729432e-01]
 [-5.81274720e-04 -4.19926925e-04  1.10396717e+00]]","[[ 5.05670693e+02 -2.83014526e+02 -1.16478863e+02]
 [-3.80329596e+02 -3.02005618e+02  4.08817290e+02]
 [ 1.21582377e-01 -2.63893246e-01  1.00000000e+00]]",3,"[[ 1.89273336e-03 -1.44489833e-03  4.37566793e-01]
 [-4.20041891e-03 -3.78973723e-03  1.86877129e+00]
 [-8.77654375e-05 -2.70299895e-04  1.11662163e+00]]","[[ 2.81417791e+02 -1.12907010e+02  7.86822472e+01]
 [-3.41807667e+02 -1.62501695e+02  4.05904896e+02]
 [-6.06219860e-02 -4.82110706e-02  1.00000000e+00]]",8
904,425398.969838,"[[ 8.21419536e-04 -1.31905704e-03  6.28549779e-01]
 [-1.81523746e-03 -2.19232519e-03  6.68101982e-01]
 [-5.75491079e-04 -4.15607670e-04  1.09926020e+00]]","[[ 5.08261132e+02 -2.83359788e+02 -1.18401618e+02]
 [-3.83992108e+02 -3.01457002e+02  4.02781959e+02]
 [ 1.20908300e-01 -2.62320853e-01  1.00000000e+00]]",3,"[[ 1.88483762e-03 -1.42495905e-03  4.25263461e-01]
 [-4.21453174e-03 -3.80889941e-03  1.85713067e+00]
 [-7.83321809e-05 -2.55500720e-04  1.10866347e+00]]","[[ 2.84291010e+02 -1.11579772e+02  7.78591872e+01]
 [-3.43354572e+02 -1.61017218e+02  4.01425842e+02]
 [-5.90424479e-02 -4.49913822e-02  1.00000000e+00]]",8
905,425399.025208,"[[ 8.12823825e-04 -1.31823337e-03  6.34945970e-01]
 [-1.81487381e-03 -2.18979713e-03  6.63604739e-01]
 [-5.74954862e-04 -4.15004063e-04  1.09721693e+00]]","[[ 5.09853108e+02 -2.83505413e+02 -1.23579610e+02]
 [-3.85818270e+02 -3.01247592e+02  4.05465020e+02]
 [ 1.21239811e-01 -2.62502138e-01  1.00000000e+00]]",3,"[[ 1.88518632e-03 -1.43235924e-03  4.34999879e-01]
 [-4.24380685e-03 -3.81544664e-03  1.86052816e+00]
 [-7.92855058e-05 -2.64946663e-04  1.11288046e+00]]","[[ 2.82801482e+02 -1.11426339e+02  7.57432935e+01]
 [-3.44749455e+02 -1.60681069e+02  4.03383510e+02]
 [-6.19277287e-02 -4.61922089e-02  1.00000000e+00]]",8
906,425399.074228,"[[ 8.04994449e-04 -1.32036192e-03  6.37713170e-01]
 [-1.81137899e-03 -2.18740465e-03  6.50723853e-01]
 [-5.78236607e-04 -4.22287910e-04  1.09613926e+00]]","[[ 5.11232946e+02 -2.83683334e+02 -1.29016882e+02]
 [-3.87535654e+02 -3.01295064e+02  4.04324971e+02]
 [ 1.20387972e-01 -2.65722944e-01  1.00000000e+00]]",3,"[[ 1.88300764e-03 -1.43484202e-03  4.39132051e-01]
 [-4.27967733e-03 -3.83856495e-03  1.85973769e+00]
 [-8.63655660e-05 -2.72680763e-04  1.11611003e+00]]","[[ 2.82536365e+02 -1.10833351e+02  7.35144252e+01]
 [-3.45281946e+02 -1.60043110e+02  4.02525343e+02]
 [-6.24941353e-02 -4.76770758e-02  1.00000000e+00]]",8
907,425399.12304599996,"[[ 7.78929420e-04 -1.32204297e-03  6.49226225e-01]
 [-1.80943682e-03 -2.15166162e-03  6.08525828e-01]
 [-5.83638559e-04 -4.32141778e-04  1.09014630e+00]]","[[ 5.11942453e+02 -2.85305036e+02 -1.45623558e+02]
 [-3.97574673e+02 -3.01872291e+02  4.05278621e+02]
 [ 1.16480448e-01 -2.72409904e-01  1.00000000e+00]]",3,"[[ 1.87667380e-03 -1.44103465e-03  4.55545998e-01]
 [-4.40064710e-03 -3.85407675e-03  1.84798440e+00]
 [-1.02175845e-04 -2.88237743e-04  1.12303815e+00]]","[[ 2.79617221e+02 -1.09547312e+02  6.68394192e+01]
 [-3.50166475e+02 -1.58690860e+02  4.03169892e+02]
 [-6.44333127e-02 -5.06962158e-02  1.00000000e+00]]",8
908,425399.174601,"[[ 7.63320922e-04 -1.30936338e-03  6.58322759e-01]
 [-1.81103191e-03 -2.12775229e-03  5.86485358e-01]
 [-5.74377832e-04 -4.13425880e-04  1.07871555e+00]]","[[ 5.13776374e+02 -2.85389895e+02 -1.58386226e+02]
 [-4.04640624e+02 -3.00724607e+02  4.10446212e+02]
 [ 1.18486151e-01 -2.67214990e-01  1.00000000e+00]]",3,"[[ 1.88609747e-03 -1.43795410e-03  4.68362230e-01]
 [-4.48557814e-03 -3.84826269e-03  1.84316942e+00]
 [-8.55414302e-05 -2.75770952e-04  1.11749052e+00]]","[[ 2.76629285e+02 -1.07799241e+02  6.18614251e+01]
 [-3.54160618e+02 -1.56676439e+02  4.06855064e+02]
 [-6.62233321e-02 -4.69159343e-02  1.00000000e+00]]",8
909,425399.224936,"[[ 7.34908244e-04 -1.30680181e-03  6.78807078e-01]
 [-1.81195392e-03 -2.10096619e-03  5.62997916e-01]
 [-5.79667134e-04 -4.16346789e-04  1.07263537e+00]]","[[ 5.16162871e+02 -2.86077822e+02 -1.76494080e+02]
 [-4.13410849e+02 -3.02097741e+02  4.20186228e+02]
 [ 1.18474904e-01 -2.71860638e-01  1.00000000e+00]]",3,"[[ 1.89184836e-03 -1.44368796e-03  4.93279630e-01]
 [-4.59821047e-03 -3.84123013e-03  1.84199364e+00]
 [-9.15220931e-05 -2.82677677e-04  1.12198157e+00]]","[[ 2.72491067e+02 -1.06458750e+02  5.49759903e+01]
 [-3.58890943e+02 -1.55893684e+02  4.13722274e+02]
 [-6.81931924e-02 -4.79606738e-02  1.00000000e+00]]",8
954,425401.446543,"[[ 9.31497519e-04 -1.22351571e-03  4.91364603e-01]
 [-1.56668445e-03 -2.06553946e-03  3.20215244e-01]
 [-6.29128690e-04 -9.47072253e-04  1.16129600e+00]]","[[ 5.45557400e+02 -2.48770901e+02 -1.62238878e+02]
 [-4.21235766e+02 -3.62121649e+02  2.78083466e+02]
 [-4.79764795e-02 -4.30092135e-01  1.00000000e+00]]",1,"[[ 2.11427538e-03 -1.29326834e-03  2.68586114e-01]
 [-4.55096595e-03 -3.29629460e-03  1.32166948e+00]
 [-8.29873947e-04 -7.67962690e-04  1.29315191e+00]]","[[ 2.52636595e+02 -1.14052145e+02  6.40949891e+01]
 [-3.72486230e+02 -2.30026923e+02  3.12464597e+02]
 [-5.90796784e-02 -2.09798242e-01  1.00000000e+00]]",8
955,425401.490753,"[[ 9.64135339e-04 -1.19183068e-03  4.27661451e-01]
 [-1.51032070e-03 -2.11771961e-03  3.82225249e-01]
 [-4.23212684e-04 -6.39135833e-04  1.11917747e+00]]","[[ 5.53334897e+02 -2.76050859e+02 -1.17163185e+02]
 [-3.97872981e+02 -3.27977884e+02  2.64047813e+02]
 [-1.79743897e-02 -2.91688004e-01  1.00000000e+00]]",1,"[[ 2.02008418e-03 -1.20892456e-03  1.95302507e-01]
 [-4.15365965e-03 -3.30993327e-03  1.33730869e+00]
 [-1.89830988e-04 -2.84939309e-04  1.10122239e+00]]","[[ 2.78781617e+02 -1.08956840e+02  8.28735236e+01]
 [-3.69005153e+02 -1.93173391e+02  3.00030301e+02]
 [-4.74224678e-02 -6.87654717e-02  1.00000000e+00]]",8
956,425401.540474,"[[ 1.06204762e-03 -1.13503432e-03  3.38537436e-01]
 [-1.36207258e-03 -2.29889092e-03  4.83593170e-01]
 [-4.20535117e-04 -3.89376571e-04  1.07098966e+00]]","[[ 5.70224709e+02 -2.71795141e+02 -5.75207576e+01]
 [-3.14830862e+02 -3.20952735e+02  2.44439878e+02]
 [ 1.09442470e-01 -2.23411005e-01  1.00000000e+00]]",4,"[[ 1.94767697e-03 -1.01927458e-03  7.24932042e-02]
 [-3.17868600e-03 -4.19371862e-03  1.53053158e+00]
 [-7.65141360e-05 -2.13059892e-04  1.06840192e+00]]","[[ 3.64173878e+02 -9.41052769e+01  1.10099921e+02]
 [-2.87431412e+02 -1.82894051e+02  2.81506369e+02]
 [-3.12388583e-02 -4.32119879e-02  1.00000000e+00]]",8
957,425401.59430399997,"[[ 1.08587858e-03 -1.11244798e-03  3.10322155e-01]
 [-1.34403962e-03 -2.34475332e-03  5.04282857e-01]
 [-4.23597372e-04 -4.05759660e-04  1.07938992e+00]]","[[ 5.75629211e+02 -2.65966687e+02 -4.12344563e+01]
 [-3.06122414e+02 -3.22554814e+02  2.38704684e+02]
 [ 1.10824542e-01 -2.25629789e-01  1.00000000e+00]]",4,"[[ 1.94365149e-03 -9.82816913e-04  4.19504899e-02]
 [-3.06776593e-03 -4.21649469e-03  1.52641651e+00]
 [-8.49801481e-05 -2.22645584e-04  1.07150985e+00]]","[[ 3.72702818e+02 -9.31058130e+01  1.18042017e+02]
 [-2.81650315e+02 -1.86094847e+02  2.76127759e+02]
 [-2.89646035e-02 -4.60521584e-02  1.00000000e+00]]",8
958,425401.645611,"[[ 1.12780500e-03 -1.08320004e-03  2.69430775e-01]
 [-1.30630842e-03 -2.41414317e-03  5.33174592e-01]
 [-4.24091437e-04 -4.32694622e-04  1.09221536e+00]]","[[ 5.81500929e+02 -2.57754947e+02 -1.76209360e+01]
 [-2.90176255e+02 -3.25320110e+02  2.30389389e+02]
 [ 1.10831494e-01 -2.28962105e-01  1.00000000e+00]]",4,"[[ 1.94743869e-03 -9.31441983e-04 -3.23246494e-03]
 [-2.88949353e-03 -4.24359101e-03  1.51367875e+00]
 [-9.39528083e-05 -2.36640173e-04  1.07567960e+00]]","[[ 3.83965678e+02 -9.15243873e+01  1.29945455e+02]
 [-2.70726763e+02 -1.91183501e+02  2.68216751e+02]
 [-2.60209212e-02 -5.00527015e-02  1.00000000e+00]]",8
959,425401.697803,"[[ 1.14896483e-03 -1.07623873e-03  2.51881934e-01]
 [-1.29295450e-03 -2.44300159e-03  5.47732381e-01]
 [-4.23260268e-04 -4.47290402e-04  1.09913579e+00]]","[[ 5.81213233e+02 -2.54919787e+02 -6.15873971e+00]
 [-2.83270978e+02 -3.26186995e+02  2.27464179e+02]
 [ 1.08539891e-01 -2.30906619e-01  1.00000000e+00]]",4,"[[ 1.94874667e-03 -9.14970068e-04 -2.20282539e-02]
 [-2.81401648e-03 -4.24768190e-03  1.50848755e+00]
 [-9.82417238e-05 -2.42520270e-04  1.07764935e+00]]","[[ 3.88086879e+02 -9.13493313e+01  1.35803177e+02]
 [-2.65777842e+02 -1.93312272e+02  2.65164670e+02]
 [-2.44329847e-02 -5.18317580e-02  1.00000000e+00]]",8
960,425401.750494,"[[ 1.19871617e-03 -1.07262537e-03  2.05296449e-01]
 [-1.27108871e-03 -2.50836569e-03  5.80884694e-01]
 [-4.15709806e-04 -4.76278480e-04  1.11460950e+00]]","[[ 5.76443533e+02 -2.51195597e+02  2.47385899e+01]
 [-2.68931073e+02 -3.25256855e+02  2.19042922e+02]
 [ 1.00077333e-01 -2.32671005e-01  1.00000000e+00]]",4,"[[ 1.93828272e-03 -8.96593370e-04 -6.50914688e-02]
 [-2.64902520e-03 -4.25419148e-03  1.49391207e+00]
 [-9.53347019e-05 -2.31342215e-04  1.07382442e+00]]","[[ 3.97578371e+02 -9.20675297e+01  1.52184800e+02]
 [-2.54419127e+02 -1.95385052e+02  2.56399062e+02]
 [-1.95142415e-02 -5.02671018e-02  1.00000000e+00]]",8
961,425401.805375,"[[ 1.22241577e-03 -1.06415998e-03  1.76330955e-01]
 [-1.26143645e-03 -2.54357176e-03  5.94323250e-01]
 [-4.15291883e-04 -4.97437995e-04  1.12319633e+00]]","[[ 5.75354890e+02 -2.48793432e+02  4.13203308e+01]
 [-2.62827777e+02 -3.24876043e+02  2.13164923e+02]
 [ 9.63319504e-02 -2.35869343e-01  1.00000000e+00]]",4,"[[ 1.92839946e-03 -8.81464694e-04 -9.04666115e-02]
 [-2.57294896e-03 -4.27033756e-03  1.48537680e+00]
 [-1.06301907e-04 -2.42525628e-04  1.07792980e+00]]","[[ 4.03973201e+02 -9.25553283e+01  1.61444302e+02]
 [-2.49032637e+02 -1.96999529e+02  2.50563061e+02]
 [-1.61918476e-02 -5.34508298e-02  1.00000000e+00]]",8
962,425401.862983,"[[ 1.25843883e-03 -1.02997249e-03  1.27985265e-01]
 [-1.23652082e-03 -2.60057196e-03  6.10631723e-01]
 [-4.11610187e-04 -5.25430063e-04  1.13391121e+00]]","[[ 5.78053868e+02 -2.42101009e+02  6.51304776e+01]
 [-2.53123853e+02 -3.25463880e+02  2.03838440e+02]
 [ 9.25416185e-02 -2.38695716e-01  1.00000000e+00]]",4,"[[ 1.91646768e-03 -8.31138062e-04 -1.35207086e-01]
 [-2.44286281e-03 -4.29576432e-03  1.46487086e+00]
 [-1.18966274e-04 -2.48004488e-04  1.08070395e+00]]","[[ 4.16947693e+02 -9.07864790e+01  1.75223521e+02]
 [-2.40254244e+02 -2.00237664e+02  2.41359572e+02]
 [-9.23603316e-03 -5.59453573e-02  1.00000000e+00]]",8
963,425401.91865,"[[ 1.27878798e-03 -1.00578972e-03  1.02864892e-01]
 [-1.21122633e-03 -2.63287149e-03  6.18020520e-01]
 [-4.08598690e-04 -5.38177322e-04  1.13864564e+00]]","[[ 5.81293626e+02 -2.37698842e+02  7.65014617e+01]
 [-2.45715351e+02 -3.26734240e+02  1.99538768e+02]
 [ 9.24584269e-02 -2.39727255e-01  1.00000000e+00]]",4,"[[ 1.91623290e-03 -7.96886638e-04 -1.59836856e-01]
 [-2.35909313e-03 -4.30776142e-03  1.45046834e+00]
 [-1.26822260e-04 -2.56879675e-04  1.08397264e+00]]","[[ 4.23982990e+02 -8.92844118e+01  1.81990129e+02]
 [-2.34172026e+02 -2.02955456e+02  2.37045782e+02]
 [-5.88903491e-03 -5.85424206e-02  1.00000000e+00]]",8
964,425401.973193,"[[ 1.28575623e-03 -9.99378433e-04  9.44554413e-02]
 [-1.19943888e-03 -2.64621064e-03  6.19583450e-01]
 [-4.05464770e-04 -5.37276870e-04  1.13879370e+00]]","[[ 5.82602986e+02 -2.36322401e+02  8.02528385e+01]
 [-2.42268194e+02 -3.26556161e+02  1.97763952e+02]
 [ 9.31335403e-02 -2.38209503e-01  1.00000000e+00]]",4,"[[ 1.91697677e-03 -7.88571983e-04 -1.67652392e-01]
 [-2.32617592e-03 -4.31294011e-03  1.44363993e+00]
 [-1.21173905e-04 -2.45573088e-04  1.08012125e+00]]","[[ 4.26045302e+02 -8.83894131e+01  1.84266349e+02]
 [-2.31398021e+02 -2.02951806e+02  2.35339225e+02]
 [-4.81386124e-03 -5.60585137e-02  1.00000000e+00]]",8
965,425402.028328,"[[ 1.29497954e-03 -9.85813358e-04  7.98240311e-02]
 [-1.18173440e-03 -2.65945239e-03  6.12449077e-01]
 [-4.03191448e-04 -5.44366119e-04  1.13906347e+00]]","[[ 5.84930249e+02 -2.34209699e+02  8.49382199e+01]
 [-2.38480945e+02 -3.27029507e+02  1.92548911e+02]
 [ 9.30746451e-02 -2.39192230e-01  1.00000000e+00]]",4,"[[ 1.91732702e-03 -7.69928900e-04 -1.81588768e-01]
 [-2.28767620e-03 -4.33314773e-03  1.42909719e+00]
 [-1.25561182e-04 -2.51195171e-04  1.08152308e+00]]","[[ 4.29758773e+02 -8.72255836e+01  1.87414588e+02]
 [-2.27891768e+02 -2.03669637e+02  2.30860650e+02]
 [-3.03672866e-03 -5.74310229e-02  1.00000000e+00]]",8
966,425402.08116,"[[ 1.30090192e-03 -9.87360755e-04  7.15871252e-02]
 [-1.18451725e-03 -2.66568537e-03  6.12379143e-01]
 [-4.02389284e-04 -5.54866398e-04  1.14137305e+00]]","[[ 5.82823823e+02 -2.34450228e+02  8.92344071e+01]
 [-2.38404131e+02 -3.26398311e+02  1.90074738e+02]
 [ 8.95759885e-02 -2.41330136e-01  1.00000000e+00]]",4,"[[ 1.91199136e-03 -7.69702162e-04 -1.87590951e-01]
 [-2.28198212e-03 -4.34482157e-03  1.42682437e+00]
 [-1.32935536e-04 -2.60468160e-04  1.08480161e+00]]","[[ 4.31414264e+02 -8.78240532e+01  1.90116707e+02]
 [-2.27135192e+02 -2.03622148e+02  2.28543663e+02]
 [-1.66961288e-03 -5.96533254e-02  1.00000000e+00]]",8
967,425402.131159,"[[ 1.30234998e-03 -9.86509950e-04  6.70035671e-02]
 [-1.18349334e-03 -2.66346451e-03  6.08297916e-01]
 [-3.99862272e-04 -5.51497907e-04  1.14003280e+00]]","[[ 5.82569541e+02 -2.34605936e+02  9.09413002e+01]
 [-2.38549708e+02 -3.26017914e+02  1.87976784e+02]
 [ 8.89342095e-02 -2.40000341e-01  1.00000000e+00]]",4,"[[ 1.90879132e-03 -7.68825031e-04 -1.90802558e-01]
 [-2.27703817e-03 -4.34570967e-03  1.42096794e+00]
 [-1.29341892e-04 -2.48397473e-04  1.08106615e+00]]","[[ 4.32526965e+02 -8.74549173e+01  1.91290686e+02]
 [-2.26747654e+02 -2.02957639e+02  2.26750478e+02]
 [-3.51216333e-04 -5.70971067e-02  1.00000000e+00]]",8
968,425402.180977,"[[ 1.30435218e-03 -9.92364501e-04  6.28035052e-02]
 [-1.19418355e-03 -2.65666115e-03  6.05914197e-01]
 [-3.99261105e-04 -5.60262845e-04  1.14155344e+00]]","[[ 5.79157675e+02 -2.36039328e+02  9.34222119e+01]
 [-2.41126267e+02 -3.25584782e+02  1.86079783e+02]
 [ 8.42194862e-02 -2.42349038e-01  1.00000000e+00]]",4,"[[ 1.90318023e-03 -7.75475971e-04 -1.92637174e-01]
 [-2.29060060e-03 -4.34770448e-03  1.42030392e+00]
 [-1.35231535e-04 -2.58801778e-04  1.08432926e+00]]","[[ 4.32480855e+02 -8.86226674e+01  1.92914661e+02]
 [-2.28011900e+02 -2.02733044e+02  2.25041394e+02]
 [-4.84018323e-04 -5.94397422e-02  1.00000000e+00]]",8
969,425402.233811,"[[ 1.30669194e-03 -9.98681394e-04  5.96436762e-02]
 [-1.20256298e-03 -2.65577840e-03  6.10151797e-01]
 [-3.99457727e-04 -5.63767034e-04  1.14344112e+00]]","[[ 5.76448727e+02 -2.37261012e+02  9.65364194e+01]
 [-2.42189419e+02 -3.24955138e+02  1.86032341e+02]
 [ 8.19705416e-02 -2.43103675e-01  1.00000000e+00]]",4,"[[ 1.89762070e-03 -7.83093127e-04 -1.93567726e-01]
 [-2.29444379e-03 -4.34357460e-03  1.42295655e+00]
 [-1.40011058e-04 -2.62951916e-04  1.08635925e+00]]","[[ 4.32754057e+02 -8.98097106e+01  1.94744542e+02]
 [-2.28440110e+02 -2.02644840e+02  2.24728762e+02]
 [ 4.80125312e-04 -6.06246980e-02  1.00000000e+00]]",8
970,425402.286877,"[[ 1.30680544e-03 -9.98518773e-04  5.44238642e-02]
 [-1.22093522e-03 -2.65782450e-03  6.20314021e-01]
 [-4.00128448e-04 -5.64422933e-04  1.14598164e+00]]","[[ 5.74483529e+02 -2.37313393e+02  1.01173708e+02]
 [-2.45283315e+02 -3.23790816e+02  1.86915080e+02]
 [ 7.97776092e-02 -2.42334425e-01  1.00000000e+00]]",4,"[[ 1.88569832e-03 -7.84355706e-04 -1.95701773e-01]
 [-2.30333142e-03 -4.33252435e-03  1.42937127e+00]
 [-1.40046483e-04 -2.50256394e-04  1.08394545e+00]]","[[ 4.34874549e+02 -9.01295611e+01  1.97366321e+02]
 [-2.30192476e+02 -2.02134399e+02  2.24989207e+02]
 [ 3.04029365e-03 -5.83126707e-02  1.00000000e+00]]",8
971,425402.339719,"[[ 1.29708180e-03 -9.94279877e-04  6.42356377e-02]
 [-1.22941740e-03 -2.65124094e-03  6.18733861e-01]
 [-4.03335177e-04 -5.64095761e-04  1.14517576e+00]]","[[ 5.76477375e+02 -2.36500397e+02  9.54442244e+01]
 [-2.48503952e+02 -3.24224498e+02  1.89116373e+02]
 [ 8.06283028e-02 -2.43004266e-01  1.00000000e+00]]",4,"[[ 1.88696954e-03 -7.79274709e-04 -1.88635425e-01]
 [-2.33515191e-03 -4.33757786e-03  1.43811665e+00]
 [-1.43159844e-04 -2.61535043e-04  1.08716915e+00]]","[[ 4.33756675e+02 -8.96125793e+01  1.93801688e+02]
 [-2.33175148e+02 -2.02351881e+02  2.27214427e+02]
 [ 1.02381985e-03 -6.04791174e-02  1.00000000e+00]]",8
972,425402.391208,"[[ 1.25725262e-03 -1.00560969e-03  1.14331849e-01]
 [-1.24925396e-03 -2.60918559e-03  6.06905815e-01]
 [-4.12605480e-04 -5.35368558e-04  1.13527609e+00]]","[[ 5.81313892e+02 -2.38156093e+02  6.87723683e+01]
 [-2.57421453e+02 -3.25018937e+02  1.99675969e+02]
 [ 8.98794103e-02 -2.39826621e-01  1.00000000e+00]]",4,"[[ 1.90262304e-03 -7.98260640e-04 -1.48125438e-01]
 [-2.45819539e-03 -4.33093877e-03  1.46648273e+00]
 [-1.38106050e-04 -2.69868140e-04  1.08870260e+00]]","[[ 4.23364790e+02 -8.91006609e+01  1.77620295e+02]
 [-2.42463304e+02 -2.01024141e+02  2.37790789e+02]
 [-6.39649630e-03 -6.11327203e-02  1.00000000e+00]]",8
973,425402.445328,"[[ 1.21278124e-03 -1.01277046e-03  1.64775833e-01]
 [-1.25867363e-03 -2.55958547e-03  5.78390035e-01]
 [-4.19262815e-04 -5.06091459e-04  1.12074382e+00]]","[[ 5.88248939e+02 -2.40162837e+02  3.74560023e+01]
 [-2.66764711e+02 -3.26173321e+02  2.07551245e+02]
 [ 9.95977508e-02 -2.37132585e-01  1.00000000e+00]]",4,"[[ 1.92068489e-03 -8.12719675e-04 -1.06636411e-01]
 [-2.59261535e-03 -4.34132524e-03  1.48452124e+00]
 [-1.32909105e-04 -2.75009190e-04  1.08903319e+00]]","[[ 4.13540462e+02 -8.75414828e+01  1.59825855e+02]
 [-2.51416027e+02 -1.98893213e+02  2.46504055e+02]
 [-1.30192776e-02 -6.09095500e-02  1.00000000e+00]]",8
974,425402.503192,"[[ 1.19903692e-03 -1.02678740e-03  2.13314508e-01]
 [-1.27519998e-03 -2.49605525e-03  5.48706274e-01]
 [-3.88426751e-04 -5.13502105e-04  1.11379019e+00]]","[[ 5.80704627e+02 -2.40361462e+02  7.19625697e+00]
 [-2.80592943e+02 -3.29674463e+02  2.16152910e+02]
 [ 7.31521478e-02 -2.35817620e-01  1.00000000e+00]]",3,"[[ 1.94919485e-03 -8.34186589e-04 -6.83865413e-02]
 [-2.61053059e-03 -4.04472774e-03  1.42609318e+00]
 [-1.26285339e-05 -1.24065219e-04  1.03391456e+00]]","[[ 3.98044205e+02 -8.65627012e+01  1.45725140e+02]
 [-2.66463343e+02 -2.00209797e+02  2.58527473e+02]
 [-2.71126061e-02 -2.50816008e-02  1.00000000e+00]]",8
980,425402.79145,"[[ 1.11397906e-03 -1.39191481e-03  7.46143298e-01]
 [-1.41412723e-03 -2.13915051e-03  6.54924926e-02]
 [-3.26758488e-04 -5.61920136e-04  1.03266722e+00]]","[[ 4.99212263e+02 -2.33978051e+02 -3.45861736e+02]
 [-3.30686954e+02 -3.20404016e+02  2.59254778e+02]
 [-2.19797952e-02 -2.48381837e-01  1.00000000e+00]]",1,"[[ 2.68721743e-03 -1.23186575e-03  4.91484842e-01]
 [-4.01275842e-03 -4.60979643e-03  1.20305331e+00]
 [ 3.46463792e-04 -2.13950677e-04  1.07992370e+00]]","[[ 2.72397132e+02 -7.06934603e+01 -4.52171389e+01]
 [-2.74096601e+02 -1.57622445e+02  3.00338375e+02]
 [-1.41694174e-01 -8.54755247e-03  1.00000000e+00]]",8
981,425402.843908,"[[ 7.83594383e-04 -1.06329775e-03  6.73575904e-01]
 [-1.19000647e-03 -1.85614540e-03  6.49899480e-02]
 [-4.61091978e-04 -3.39819162e-04  9.06269293e-01]]","[[ 6.10370249e+02 -2.70145265e+02 -4.34279268e+02]
 [-3.85506803e+02 -3.75295742e+02  3.13437238e+02]
 [ 1.65992854e-01 -2.78167319e-01  1.00000000e+00]]",1,"[[ 2.08261564e-03 -9.25566950e-04  4.98295014e-01]
 [-3.49402350e-03 -4.03937793e-03  1.06209481e+00]
 [-9.37605318e-06 -1.97903575e-05  1.00588816e+00]]","[[ 3.47071605e+02 -7.90934084e+01 -8.84187287e+01]
 [-3.00919707e+02 -1.80274253e+02  3.39416599e+02]
 [-2.68533509e-03 -4.28405077e-03  1.00000000e+00]]",8
982,425402.900903,"[[ 7.74425564e-04 -1.11427072e-03  6.82044100e-01]
 [-1.18580852e-03 -1.86775340e-03  7.11152624e-02]
 [-4.80799218e-04 -3.93127872e-04  9.15171575e-01]]","[[ 6.07482191e+02 -2.71563172e+02 -4.31632023e+02]
 [-3.79740571e+02 -3.74549508e+02  3.12111969e+02]
 [ 1.56025781e-01 -3.03564074e-01  1.00000000e+00]]",1,"[[ 2.05490853e-03 -1.02367767e-03  5.23195197e-01]
 [-3.48809897e-03 -4.05083138e-03  1.06939122e+00]
 [-6.38684422e-05 -1.24645527e-04  1.03664951e+00]]","[[ 3.41830496e+02 -8.37326339e+01 -8.61439959e+01]
 [-2.98251554e+02 -1.81897952e+02  3.38170086e+02]
 [-1.48010882e-02 -2.70300027e-02  1.00000000e+00]]",8
983,425402.955942,"[[ 5.92771164e-04 -8.88434204e-04  6.06308505e-01]
 [-1.01277761e-03 -1.67645871e-03  7.96781364e-02]
 [-5.30703406e-04 -2.43687524e-04  8.20062694e-01]]","[[ 7.15793056e+02 -3.06738234e+02 -4.99414361e+02]
 [-4.16286201e+02 -4.26649754e+02  3.49232472e+02]
 [ 3.39522893e-01 -3.25287627e-01  1.00000000e+00]]",1,"[[ 1.70024532e-03 -8.01012526e-04  4.89450366e-01]
 [-3.04473724e-03 -3.66213349e-03  9.67434186e-01]
 [-2.31381538e-04  2.79489059e-05  9.62718932e-01]]","[[ 4.09980474e+02 -9.05705113e+01 -1.17421690e+02]
 [-3.12435711e+02 -2.01965119e+02  3.61797947e+02]
 [ 1.07605808e-01 -1.59045798e-02  1.00000000e+00]]",8
984,425403.006773,"[[ 9.26011459e-04 -1.21090922e-03  7.00383459e-01]
 [-1.26578617e-03 -2.01545080e-03  1.15634075e-01]
 [-4.24590118e-04 -4.45001614e-04  9.71246812e-01]]","[[ 5.60752119e+02 -2.54309776e+02 -3.74090940e+02]
 [-3.47238889e+02 -3.52083691e+02  2.92318330e+02]
 [ 8.60419220e-02 -2.72490190e-01  1.00000000e+00]]",1,"[[ 2.32326627e-03 -1.09543365e-03  4.93994631e-01]
 [-3.57339102e-03 -4.24335349e-03  1.14831589e+00]
 [ 1.09989553e-04 -1.42989342e-04  1.05271865e+00]]","[[ 3.12416064e+02 -7.86000899e+01 -6.08653847e+01]
 [-2.82300131e+02 -1.73632255e+02  3.21870830e+02]
 [-7.09861203e-02 -1.53719829e-02  1.00000000e+00]]",8
985,425403.057442,"[[ 4.64383142e-04 -5.98079327e-04  5.05026119e-01]
 [-8.37997428e-04 -1.50332001e-03  1.06372978e-01]
 [-5.19986292e-04 -4.95645398e-05  7.17940095e-01]]","[[ 8.95536179e+02 -3.37156607e+02 -5.79999378e+02]
 [-4.55529892e+02 -4.96959267e+02  3.94068436e+02]
 [ 6.17166266e-01 -2.78502862e-01  1.00000000e+00]]",1,"[[ 1.42483422e-03 -4.34057958e-04  3.94222392e-01]
 [-2.51177348e-03 -3.26735256e-03  8.68572993e-01]
 [-2.69041110e-04  3.02125281e-04  8.40197432e-01]]","[[ 5.23459943e+02 -8.42020448e+01 -1.58562743e+02]
 [-3.26628038e+02 -2.26814160e+02  3.87728799e+02]
 [ 2.85069703e-01  5.45972633e-02  1.00000000e+00]]",8
986,425403.108359,"[[ 6.71913499e-04 -1.02749452e-03  6.49578965e-01]
 [-1.22742798e-03 -1.87160074e-03  1.83069627e-01]
 [-5.41504057e-04 -3.95955650e-04  9.23742863e-01]]","[[ 6.57629367e+02 -2.74716407e+02 -4.08003124e+02]
 [-4.10800350e+02 -3.86077588e+02  3.65389937e+02]
 [ 2.09420022e-01 -3.26529886e-01  1.00000000e+00]]",2,"[[ 2.11881457e-03 -1.18390053e-03  4.95951916e-01]
 [-3.96620465e-03 -3.69058579e-03  1.28542366e+00]
 [-1.30494259e-04 -2.73140300e-04  1.09915377e+00]]","[[ 2.96072207e+02 -9.31522309e+01 -2.46530530e+01]
 [-3.34929423e+02 -1.91256286e+02  3.74792187e+02]
 [-4.80797150e-02 -5.85865531e-02  1.00000000e+00]]",8
987,425403.15749199997,"[[ 9.81539507e-04 -1.17362096e-03  6.83051879e-01]
 [-1.31086211e-03 -2.14028782e-03  2.58983521e-01]
 [-4.20329459e-04 -4.40845929e-04  1.00551189e+00]]","[[ 5.59984320e+02 -2.41525992e+02 -3.18193242e+02]
 [-3.32275861e+02 -3.50089352e+02  3.15887883e+02]
 [ 8.84081493e-02 -2.54453435e-01  1.00000000e+00]]",1,"[[ 2.30046204e-03 -1.03689209e-03  4.52019622e-01]
 [-3.32636468e-03 -4.14745872e-03  1.23801266e+00]
 [ 1.16001754e-04 -1.39321827e-04  1.05194959e+00]]","[[ 3.22585533e+02 -7.91200869e+01 -4.54996345e+01]
 [-2.80426236e+02 -1.82256137e+02  3.34990925e+02]
 [-7.27125940e-02 -1.54134660e-02  1.00000000e+00]]",8
988,425403.20969,"[[ 8.03141810e-04 -1.09205068e-03  6.58108252e-01]
 [-1.21044488e-03 -2.00431285e-03  2.69915189e-01]
 [-5.15812089e-04 -4.13074802e-04  9.62566793e-01]]","[[ 6.20064394e+02 -2.65834323e+02 -3.49395777e+02]
 [-3.49946587e+02 -3.79496619e+02  3.45674338e+02]
 [ 1.82099148e-01 -3.05309772e-01  1.00000000e+00]]",1,"[[ 1.95025270e-03 -1.02442112e-03  4.87201911e-01]
 [-3.06292839e-03 -3.85999469e-03  1.17868863e+00]
 [-1.23711101e-04 -1.85771802e-04  1.05822304e+00]]","[[ 3.62448831e+02 -9.31545281e+01 -6.31110627e+01]
 [-2.90224398e+02 -1.99150163e+02  3.55439166e+02]
 [-8.57717637e-03 -4.58511412e-02  1.00000000e+00]]",8
989,425403.26052999997,"[[ 6.76206981e-04 -1.03025291e-03  6.67699151e-01]
 [-1.27924242e-03 -1.93766633e-03  3.25854062e-01]
 [-5.60032442e-04 -3.87577330e-04  9.54303969e-01]]","[[ 6.55515034e+02 -2.75621161e+02 -3.64532233e+02]
 [-3.95059210e+02 -3.87808227e+02  4.08831564e+02]
 [ 2.24240597e-01 -3.19250971e-01  1.00000000e+00]]",2,"[[ 2.10114965e-03 -1.21416583e-03  5.14149335e-01]
 [-3.78564104e-03 -3.57076976e-03  1.38936148e+00]
 [-1.04758569e-04 -2.76249122e-04  1.10980311e+00]]","[[ 2.95810125e+02 -9.96313738e+01 -1.23144238e+01]
 [-3.35211939e+02 -1.97181649e+02  4.02148434e+02]
 [-5.55173776e-02 -5.84864981e-02  1.00000000e+00]]",8
990,425403.30994,"[[ 6.63676932e-04 -1.04892886e-03  6.81028396e-01]
 [-1.30139154e-03 -1.94948417e-03  3.45193202e-01]
 [-5.68315115e-04 -4.01090511e-04  9.61871491e-01]]","[[ 6.53165937e+02 -2.76724275e+02 -3.63147484e+02]
 [-3.97004387e+02 -3.85652958e+02  4.19490591e+02]
 [ 2.20371832e-01 -3.24313937e-01  1.00000000e+00]]",2,"[[ 2.07878645e-03 -1.25539050e-03  5.38265430e-01]
 [-3.81897913e-03 -3.56648048e-03  1.41357323e+00]
 [-1.22326814e-04 -3.09082828e-04  1.12498507e+00]]","[[ 2.92861200e+02 -1.02056053e+02 -1.18875850e+01]
 [-3.37752973e+02 -1.96952534e+02  4.09078831e+02]
 [-6.09509126e-02 -6.52087211e-02  1.00000000e+00]]",8
991,425403.363211,"[[ 8.83128448e-04 -1.13295306e-03  7.15898730e-01]
 [-1.36706128e-03 -2.10307886e-03  3.64839263e-01]
 [-4.66477520e-04 -3.74728754e-04  9.93531638e-01]]","[[ 5.73311629e+02 -2.51711811e+02 -3.20672944e+02]
 [-3.48794095e+02 -3.55645732e+02  3.81925207e+02]
 [ 1.37624012e-01 -2.52320685e-01  1.00000000e+00]]",1,"[[ 2.15322461e-03 -1.07035664e-03  5.14893923e-01]
 [-3.32192076e-03 -3.90344987e-03  1.32264123e+00]
 [ 4.40709103e-05 -1.17960540e-04  1.04714582e+00]]","[[ 3.28699831e+02 -8.86308706e+01 -4.96766551e+01]
 [-2.95705262e+02 -1.86616060e+02  3.81114960e+02]
 [-4.71449652e-02 -1.72920407e-02  1.00000000e+00]]",8
992,425403.41377499996,"[[ 8.00800197e-04 -1.19583761e-03  7.42495678e-01]
 [-1.35290315e-03 -2.03781086e-03  3.42930228e-01]
 [-5.24962471e-04 -4.44451635e-04  9.96767694e-01]]","[[ 5.78142519e+02 -2.65243080e+02 -3.39405514e+02]
 [-3.59569566e+02 -3.65566823e+02  3.93615047e+02]
 [ 1.44157806e-01 -3.02697847e-01  1.00000000e+00]]",1,"[[ 2.01639364e-03 -1.20622985e-03  5.85034659e-01]
 [-3.35083259e-03 -3.82602700e-03  1.30143231e+00]
 [-9.56963955e-05 -2.63790613e-04  1.09742451e+00]]","[[ 3.27939500e+02 -9.94687665e+01 -5.68641451e+01]
 [-3.02190096e+02 -1.92982300e+02  3.89954003e+02]
 [-4.40415556e-02 -5.50613925e-02  1.00000000e+00]]",8
993,425403.468399,"[[ 6.66609389e-04 -1.40076207e-03  8.30684194e-01]
 [-1.36507714e-03 -1.94306673e-03  2.99095863e-01]
 [-6.29220149e-04 -6.13227959e-04  1.02046667e+00]]","[[ 5.61019076e+02 -2.86845415e+02 -3.72609330e+02]
 [-3.75635410e+02 -3.75048432e+02  4.15701801e+02]
 [ 1.20194392e-01 -4.02246455e-01  1.00000000e+00]]",1,"[[ 1.83829648e-03 -1.60550943e-03  7.68844049e-01]
 [-3.57210625e-03 -3.75553857e-03  1.29532556e+00]
 [-3.36395035e-04 -6.05785624e-04  1.22426805e+00]]","[[ 3.01696611e+02 -1.18667441e+02 -6.39113908e+01]
 [-3.11537557e+02 -1.98531056e+02  4.05700491e+02]
 [-7.12554180e-02 -1.30842586e-01  1.00000000e+00]]",8
1039,425405.763942,"[[ 8.87670870e-04 -1.20383370e-03  5.51014398e-01]
 [-1.61002390e-03 -2.08543073e-03  4.37034568e-01]
 [-5.42260033e-04 -6.14385924e-04  1.11758575e+00]]","[[ 5.44189640e+02 -2.65703800e+02 -1.64403117e+02]
 [-4.12298205e+02 -3.40647383e+02  3.36490446e+02]
 [ 3.73860158e-02 -3.16190062e-01  1.00000000e+00]]",1,"[[ 2.11542459e-03 -1.32616405e-03  3.40513533e-01]
 [-4.48004482e-03 -3.13805001e-03  1.38502582e+00]
 [-5.05024057e-04 -3.31946361e-04  1.14841002e+00]]","[[ 2.49929897e+02 -1.12082245e+02  6.10690347e+01]
 [-3.53386685e+02 -2.06790830e+02  3.54179763e+02]
 [ 7.76306946e-03 -1.09061826e-01  1.00000000e+00]]",8
1040,425405.816596,"[[ 9.07172412e-04 -1.20665688e-03  5.05109760e-01]
 [-1.49998755e-03 -2.24392594e-03  5.20005219e-01]
 [-5.30782465e-04 -4.29469499e-04  1.06746193e+00]]","[[ 5.64796197e+02 -2.78534324e+02 -1.31568879e+02]
 [-3.44593987e+02 -3.21530075e+02  3.19688314e+02]
 [ 1.42198337e-01 -2.67858261e-01  1.00000000e+00]]",3,"[[ 1.96328195e-03 -1.20570802e-03  2.65729068e-01]
 [-3.72334482e-03 -4.09684613e-03  1.67050383e+00]
 [-5.98211328e-05 -2.00928257e-04  1.07286164e+00]]","[[ 3.23932789e+02 -9.89557043e+01  7.38469176e+01]
 [-3.10767432e+02 -1.69337395e+02  3.40639177e+02]
 [-4.01393154e-02 -3.72315574e-02  1.00000000e+00]]",8
1041,425405.881771,"[[ 9.72839454e-04 -1.17650410e-03  4.32548365e-01]
 [-1.46282820e-03 -2.32800862e-03  5.55549991e-01]
 [-5.40255917e-04 -4.90972510e-04  1.09661830e+00]]","[[ 5.72074847e+02 -2.70411466e+02 -8.86570579e+01]
 [-3.27167530e+02 -3.26288249e+02  2.94346004e+02]
 [ 1.35358454e-01 -2.79304071e-01  1.00000000e+00]]",3,"[[ 1.93730608e-03 -1.12686186e-03  1.81046976e-01]
 [-3.45116289e-03 -4.16588058e-03  1.65482056e+00]
 [-1.15018272e-04 -2.55849980e-04  1.09263046e+00]]","[[ 3.45194882e+02 -9.90773723e+01  9.28573624e+01]
 [-2.99384612e+02 -1.78734137e+02  3.20305551e+02]
 [-3.37660621e-02 -5.22819338e-02  1.00000000e+00]]",8
1042,425405.942912,"[[ 1.04792142e-03 -1.14175965e-03  3.69358984e-01]
 [-1.41168772e-03 -2.33268601e-03  5.60932172e-01]
 [-4.39992148e-04 -3.74292688e-04  1.07836585e+00]]","[[ 5.68386873e+02 -2.69455345e+02 -5.45201104e+01]
 [-3.14453188e+02 -3.18655965e+02  2.73460525e+02]
 [ 1.22767456e-01 -2.20545590e-01  1.00000000e+00]]",4,"[[ 1.94624627e-03 -1.04402012e-03  1.02882520e-01]
 [-3.19665797e-03 -4.11419683e-03  1.59737564e+00]
 [-8.67095685e-05 -2.19338447e-04  1.07597762e+00]]","[[ 3.59326223e+02 -9.70307193e+01  1.09691984e+02]
 [-2.90977222e+02 -1.85377666e+02  3.03030686e+02]
 [-3.03588751e-02 -4.56087004e-02  1.00000000e+00]]",8
1043,425405.998363,"[[ 1.07792898e-03 -1.12233182e-03  3.29137034e-01]
 [-1.39989573e-03 -2.37849000e-03  5.75675581e-01]
 [-4.44750625e-04 -4.05924956e-04  1.09144032e+00]]","[[ 5.71294813e+02 -2.63931243e+02 -3.30714450e+01]
 [-3.07587279e+02 -3.19923092e+02  2.61498747e+02]
 [ 1.18399852e-01 -2.26534010e-01  1.00000000e+00]]",4,"[[ 1.93032224e-03 -1.00666739e-03  6.23257879e-02]
 [-3.08657124e-03 -4.15060147e-03  1.58672358e+00]
 [-1.00937615e-04 -2.32598926e-04  1.08024774e+00]]","[[ 3.70046997e+02 -9.64959882e+01  1.20388115e+02]
 [-2.85462632e+02 -1.88100481e+02  2.92761687e+02]
 [-2.68888692e-02 -4.95183118e-02  1.00000000e+00]]",8
1044,425406.05384,"[[ 1.09053237e-03 -1.12312185e-03  3.16396703e-01]
 [-1.39733537e-03 -2.39145836e-03  5.81333455e-01]
 [-4.44484483e-04 -4.18623713e-04  1.09679825e+00]]","[[ 5.69641684e+02 -2.63178660e+02 -2.48342760e+01]
 [-3.05026904e+02 -3.19994832e+02  2.57598158e+02]
 [ 1.14428879e-01 -2.28789804e-01  1.00000000e+00]]",4,"[[ 1.92539419e-03 -1.00193302e-03  5.00194334e-02]
 [-3.04954787e-03 -4.15725317e-03  1.58259113e+00]
 [-1.04898404e-04 -2.38026093e-04  1.08192911e+00]]","[[ 3.72624961e+02 -9.69380248e+01  1.24568946e+02]
 [-2.83312997e+02 -1.88826936e+02  2.89304528e+02]
 [-2.62014598e-02 -5.09408441e-02  1.00000000e+00]]",8
1045,425406.110376,"[[ 1.11706279e-03 -1.11857799e-03  2.86843166e-01]
 [-1.39087256e-03 -2.42458209e-03  5.94536970e-01]
 [-4.42372412e-04 -4.35671554e-04  1.10545822e+00]]","[[ 5.67807739e+02 -2.60674747e+02 -7.13821232e+00]
 [-2.98893535e+02 -3.19345857e+02  2.49307011e+02]
 [ 1.09423464e-01 -2.30171721e-01  1.00000000e+00]]",4,"[[ 1.91527452e-03 -9.86190010e-04  2.17583930e-02]
 [-2.97071232e-03 -4.17945663e-03  1.57544817e+00]
 [-1.13955644e-04 -2.44841360e-04  1.08425659e+00]]","[[ 3.79155055e+02 -9.73026921e+01  1.33774187e+02]
 [-2.78154921e+02 -1.90144015e+02  2.81865240e+02]
 [-2.29622495e-02 -5.31639010e-02  1.00000000e+00]]",8
1046,425406.169351,"[[ 1.13289251e-03 -1.10528720e-03  2.64931441e-01]
 [-1.38658618e-03 -2.44694153e-03  6.02502708e-01]
 [-4.40542342e-04 -4.45779409e-04  1.11053417e+00]]","[[ 5.68873599e+02 -2.57708741e+02  4.10407147e+00]
 [-2.96054093e+02 -3.19378841e+02  2.43901234e+02]
 [ 1.06829751e-01 -2.30433363e-01  1.00000000e+00]]",4,"[[ 1.90564172e-03 -9.61902307e-04  9.21984121e-05]
 [-2.91742918e-03 -4.19411949e-03  1.56934545e+00]
 [-1.18575546e-04 -2.40953040e-04  1.08330690e+00]]","[[ 3.85727232e+02 -9.64936839e+01  1.39753897e+02]
 [-2.75437379e+02 -1.91170437e+02  2.76964774e+02]
 [-1.90432247e-02 -5.30827314e-02  1.00000000e+00]]",8
1047,425406.22723,"[[ 1.13412842e-03 -1.09877590e-03  2.63491424e-01]
 [-1.38516339e-03 -2.45234475e-03  6.04129611e-01]
 [-4.41359530e-04 -4.46194328e-04  1.11069471e+00]]","[[ 5.70323024e+02 -2.56279358e+02  4.09718626e+00]
 [-2.95556362e+02 -3.19749565e+02  2.44033527e+02]
 [ 1.07898173e-01 -2.30289906e-01  1.00000000e+00]]",4,"[[ 1.90976432e-03 -9.54764167e-04 -2.34527703e-03]
 [-2.91379935e-03 -4.19898239e-03  1.57058694e+00]
 [-1.19856292e-04 -2.46613234e-04  1.08507765e+00]]","[[ 3.85970933e+02 -9.59694541e+01  1.39744450e+02]
 [-2.75292831e+02 -1.91829495e+02  2.77067048e+02]
 [-1.99338827e-02 -5.41991026e-02  1.00000000e+00]]",8
1048,425406.282657,"[[ 1.13747324e-03 -1.09410439e-03  2.69020955e-01]
 [-1.37969591e-03 -2.46720657e-03  6.17770448e-01]
 [-4.43764641e-04 -4.45983284e-04  1.11221925e+00]]","[[ 5.71966916e+02 -2.54153678e+02  2.82097746e+00]
 [-2.92030846e+02 -3.20789988e+02  2.48815144e+02]
 [ 1.11109224e-01 -2.30036829e-01  1.00000000e+00]]",4,"[[ 1.92383345e-03 -9.49714536e-04 -2.17960609e-04]
 [-2.89377267e-03 -4.18848753e-03  1.57779046e+00]
 [-1.14025006e-04 -2.45510920e-04  1.08476935e+00]]","[[ 3.84610142e+02 -9.53409840e+01  1.38750164e+02]
 [-2.73839600e+02 -1.93119570e+02  2.80836225e+02]
 [-2.15487639e-02 -5.37295968e-02  1.00000000e+00]]",8
1049,425406.34107799997,"[[ 1.14499488e-03 -1.09743800e-03  2.68479684e-01]
 [-1.38060550e-03 -2.48119961e-03  6.33284363e-01]
 [-4.44587577e-04 -4.46677014e-04  1.11530465e+00]]","[[ 5.70332575e+02 -2.53450699e+02  6.62030300e+00]
 [-2.88847438e+02 -3.20558325e+02  2.51549425e+02]
 [ 1.11665693e-01 -2.29414508e-01  1.00000000e+00]]",4,"[[ 1.92739603e-03 -9.52283911e-04 -1.54560791e-03]
 [-2.87055173e-03 -4.17788518e-03  1.58434476e+00]
 [-1.12261604e-04 -2.41151639e-04  1.08394425e+00]]","[[ 3.84435357e+02 -9.57346118e+01  1.40478458e+02]
 [-2.71986986e+02 -1.93678152e+02  2.82701421e+02]
 [-2.06955088e-02 -5.30037637e-02  1.00000000e+00]]",8
1050,425406.401088,"[[ 1.15295933e-03 -1.09740034e-03  2.63550261e-01]
 [-1.38494112e-03 -2.49938448e-03  6.50909671e-01]
 [-4.46549170e-04 -4.50472587e-04  1.11980315e+00]]","[[ 5.69257812e+02 -2.52219530e+02  1.26308687e+01]
 [-2.86309559e+02 -3.20065457e+02  2.53429061e+02]
 [ 1.11829473e-01 -2.29334180e-01  1.00000000e+00]]",4,"[[ 1.92589282e-03 -9.51169555e-04 -6.30658307e-03]
 [-2.84698311e-03 -4.17452534e-03  1.59295014e+00]
 [-1.17109828e-04 -2.46159672e-04  1.08665013e+00]]","[[ 3.85584537e+02 -9.63132176e+01  1.43425993e+02]
 [-2.70489261e+02 -1.94650247e+02  2.83773282e+02]
 [-1.97191427e-02 -5.44740791e-02  1.00000000e+00]]",8
1051,425406.455997,"[[ 1.15665108e-03 -1.09997645e-03  2.60743788e-01]
 [-1.38857787e-03 -2.50362882e-03  6.56779364e-01]
 [-4.46578753e-04 -4.54443052e-04  1.12227707e+00]]","[[ 5.67751978e+02 -2.52301071e+02  1.57432922e+01]
 [-2.86005021e+02 -3.19794875e+02  2.53599325e+02]
 [ 1.10109151e-01 -2.29890518e-01  1.00000000e+00]]",4,"[[ 1.92253617e-03 -9.52688876e-04 -8.49636994e-03]
 [-2.83833290e-03 -4.16982500e-03  1.59457786e+00]
 [-1.17555214e-04 -2.44943652e-04  1.08653808e+00]]","[[ 3.86177838e+02 -9.67488207e+01  1.45006088e+02]
 [-2.70179112e+02 -1.94755230e+02  2.83705506e+02]
 [-1.91262879e-02 -5.43721261e-02  1.00000000e+00]]",8
1052,425406.50952099997,"[[ 1.15916264e-03 -1.09250490e-03  2.56100950e-01]
 [-1.38998495e-03 -2.51371714e-03  6.67451076e-01]
 [-4.49632379e-04 -4.54895598e-04  1.12460348e+00]]","[[ 5.69292082e+02 -2.50912046e+02  1.92737016e+01]
 [-2.84965748e+02 -3.20088094e+02  2.54865956e+02]
 [ 1.12344032e-01 -2.29791966e-01  1.00000000e+00]]",4,"[[ 1.91895814e-03 -9.44036195e-04 -1.30462995e-02]
 [-2.81999027e-03 -4.16395835e-03  1.59831409e+00]
 [-1.21254682e-04 -2.44339699e-04  1.08729940e+00]]","[[ 3.88348794e+02 -9.66556866e+01  1.46742158e+02]
 [-2.69639460e+02 -1.95716850e+02  2.84465533e+02]
 [-1.72855012e-02 -5.47607689e-02  1.00000000e+00]]",8
1053,425406.562852,"[[ 1.15603950e-03 -1.08684258e-03  2.61813233e-01]
 [-1.39014734e-03 -2.51828648e-03  6.75889055e-01]
 [-4.50531171e-04 -4.50912724e-04  1.12445310e+00]]","[[ 5.71430401e+02 -2.49665566e+02  1.70199918e+01]
 [-2.84625758e+02 -3.20631381e+02  2.58997046e+02]
 [ 1.14816556e-01 -2.28607924e-01  1.00000000e+00]]",4,"[[ 1.92344339e-03 -9.38691002e-04 -9.34354464e-03]
 [-2.82001720e-03 -4.15840942e-03  1.60666954e+00]
 [-1.21326522e-04 -2.48172106e-04  1.08905953e+00]]","[[ 3.87956411e+02 -9.62472910e+01  1.45320320e+02]
 [-2.70180892e+02 -1.96664605e+02  2.87817677e+02]
 [-1.83479033e-02 -5.55378441e-02  1.00000000e+00]]",8
1054,425406.613684,"[[ 1.14817014e-03 -1.08676761e-03  2.69609484e-01]
 [-1.39819198e-03 -2.51362813e-03  6.77188392e-01]
 [-4.54685396e-04 -4.53585130e-04  1.12487468e+00]]","[[ 5.72081907e+02 -2.49725550e+02  1.32215047e+01]
 [-2.87109156e+02 -3.20987067e+02  2.62052363e+02]
 [ 1.15469613e-01 -2.30373681e-01  1.00000000e+00]]",4,"[[ 1.92158280e-03 -9.39034188e-04 -2.39004218e-03]
 [-2.84578781e-03 -4.15715323e-03  1.61473092e+00]
 [-1.29016062e-04 -2.57323743e-04  1.09320214e+00]]","[[ 3.87323209e+02 -9.63518564e+01  1.43164777e+02]
 [-2.72282368e+02 -1.97021636e+02  2.90418532e+02]
 [-1.83806839e-02 -5.77471263e-02  1.00000000e+00]]",8
1055,425406.664155,"[[ 1.08439028e-03 -1.08100596e-03  3.31235961e-01]
 [-1.45439813e-03 -2.29242878e-03  6.04720246e-01]
 [-3.13717188e-04 -4.17442900e-04  1.10884513e+00]]","[[ 5.64183244e+02 -2.61303555e+02 -2.60290894e+01]
 [-3.50654486e+02 -3.21908067e+02  2.80303978e+02]
 [ 2.76104878e-02 -1.95116204e-01  1.00000000e+00]]",2,"[[ 1.97805973e-03 -1.00938248e-03  6.68392330e-02]
 [-3.51013111e-03 -3.35746267e-03  1.45913149e+00]
 [ 1.37421421e-04  1.06200077e-04  9.50610927e-01]]","[[ 3.28603032e+02 -9.49133301e+01  1.22581648e+02]
 [-3.47326344e+02 -1.83731348e+02  3.06437906e+02]
 [-8.70073212e-03  3.42468271e-02  1.00000000e+00]]",8
1084,425407.992315,"[[ 9.11692737e-04 -1.21923109e-03  5.57720879e-01]
 [-1.66565160e-03 -2.19844574e-03  6.17883220e-01]
 [-4.44694596e-04 -7.15712195e-04  1.21258537e+00]]","[[ 5.51055704e+02 -2.67465111e+02 -1.17165415e+02]
 [-4.32446840e+02 -3.35434960e+02  3.69824903e+02]
 [-5.31558314e-02 -2.96074150e-01  1.00000000e+00]]",1,"[[ 2.06322453e-03 -1.33395420e-03  3.40207531e-01]
 [-4.18349425e-03 -3.11404614e-03  1.50695518e+00]
 [-1.62375132e-04 -4.88061103e-04  1.19711635e+00]]","[[ 2.49250166e+02 -1.19182745e+02  7.91955371e+01]
 [-3.96769073e+02 -2.10332527e+02  3.77528481e+02]
 [-1.27953747e-01 -1.01917779e-01  1.00000000e+00]]",8
1085,425408.045042,"[[ 9.87465494e-04 -1.19075344e-03  4.69522374e-01]
 [-1.55867763e-03 -2.39529652e-03  7.16348257e-01]
 [-5.51005062e-04 -4.33987566e-04  1.11250518e+00]]","[[ 5.57626414e+02 -2.65548424e+02 -6.43528925e+01]
 [-3.17279952e+02 -3.21530863e+02  3.40940533e+02]
 [ 1.52412254e-01 -2.56950644e-01  1.00000000e+00]]",3,"[[ 1.95421290e-03 -1.17191650e-03  2.16163162e-01]
 [-3.39291547e-03 -3.98605456e-03  1.75902654e+00]
 [-9.11880494e-05 -2.10050041e-04  1.08376065e+00]]","[[ 3.35756272e+02 -1.04087318e+02  1.01972902e+02]
 [-2.98891891e+02 -1.81679800e+02  3.54496178e+02]
 [-2.96793342e-02 -4.39703814e-02  1.00000000e+00]]",8
1086,425408.099275,"[[ 1.03733840e-03 -1.16830749e-03  4.38194222e-01]
 [-1.51437712e-03 -2.38597165e-03  7.18275551e-01]
 [-4.64627013e-04 -3.40053640e-04  1.09027410e+00]]","[[ 5.55356783e+02 -2.65005076e+02 -4.86184770e+01]
 [-3.10381051e+02 -3.14439214e+02  3.31899275e+02]
 [ 1.39861670e-01 -2.11006312e-01  1.00000000e+00]]",4,"[[ 1.97831316e-03 -1.11181600e-03  1.68662998e-01]
 [-3.22860776e-03 -3.93565417e-03  1.72109234e+00]
 [-7.50675340e-05 -2.09833864e-04  1.08109780e+00]]","[[ 3.42284576e+02 -1.02552240e+02  1.09861599e+02]
 [-2.95478937e+02 -1.89125496e+02  3.47183028e+02]
 [-3.35834817e-02 -4.38288538e-02  1.00000000e+00]]",8
1087,425408.155105,"[[ 1.06701200e-03 -1.13914649e-03  3.93520838e-01]
 [-1.48305732e-03 -2.43609569e-03  7.28481812e-01]
 [-4.66850699e-04 -3.63024323e-04  1.10117390e+00]]","[[ 5.63824215e+02 -2.59175145e+02 -3.00335836e+01]
 [-3.01488285e+02 -3.16800270e+02  3.17320597e+02]
 [ 1.39645653e-01 -2.14318830e-01  1.00000000e+00]]",4,"[[ 1.96301583e-03 -1.05920761e-03  1.21486840e-01]
 [-3.09734664e-03 -3.98589920e-03  1.70554479e+00]
 [-8.63327299e-05 -2.16867284e-04  1.08300998e+00]]","[[ 3.55412013e+02 -1.00925182e+02  1.19070496e+02]
 [-2.88804988e+02 -1.92384659e+02  3.35367785e+02]
 [-2.94998796e-02 -4.65693631e-02  1.00000000e+00]]",8
